8 5
8 13
8 23
8 32
8 45
11 54
11 63
37 66
35 37
71 26
104 50
73 82
51 47
33 50
24 79
11 77
13 107
31 102
31 127
15 133
15 90
55 82
71 103
102 116
140 100
177 102
168 161
140 167
140 144
146 114
113 90
93 71
71 62
71 51
113 39
164 63
137 74
117 67
22 496
22 554
26 603
26 661
15 712
26 744
104 452
82 351
84 411
86 373
108 399
77 389
66 325
108 334
68 257
82 301
84 313
57 294
80 271
42 271
66 284
31 301
40 335
35 361
35 384
28 409
37 432
28 454
24 419
57 397
22 393
20 362
20 332
26 317
60 306
17 275
17 240
33 195
42 177
82 237
66 219
75 196
82 205
91 170
80 131
100 197
97 145
51 149
53 123
77 159
82 36
51 27
26 19
40 7
57 11
88 14
115 27
120 12
148 16
148 42
140 50
122 54
142 63
88 21
91 6
148 12
177 13
164 29
142 25
86 95
108 104
77 115
46 95
51 107
51 107
35 114
31 145
51 133
71 141
106 160
122 131
91 82
46 55
26 161
17 173
13 191
15 207
44 217
57 184
64 171
60 167
53 165
53 165
57 242
26 261
20 224
57 199
86 186
102 134
151 82
177 45
124 35
66 36
22 26
51 349
62 364
77 370
17 873
28 800
24 776
20 809
28 837
13 827
11 755
11 727
26 711
44 689
62 647
64 591
46 586
42 569
22 575
62 542
64 503
64 474
71 440
4 310
17 287
28 284
28 284
33 242
37 227
8 250
44 253
82 246
57 231
8 145
55 206
33 373
15 383
13 344
8 436
15 472
31 480
11 450
13 512
22 529
20 541
62 522
77 490
73 461
80 426
71 405
80 284
82 225
155 130
124 107
91 55
66 70
40 85
22 60
42 22
133 20
68 20
113 15
95 31
68 2
20 10
86 105
108 79
133 84
153 91
124 119
133 122
133 122
122 156
115 141
113 175
77 143
62 151
11 156
8 116
60 271
6 265
42 313
44 291
113 224
95 217
137 205
124 199
111 189
95 176
142 186
140 156
126 182
133 176
133 176
17 617
8 639
60 630
73 610
64 549
68 564
91 520
84 495
86 530
13 522
8 546
11 567
11 591
8 609
46 769
31 760
37 734
51 705
40 721
20 684
13 672
11 691
13 685
13 685
13 856
31 180
71 177
86 42
15 39
48 73
53 61
28 92
11 96
157 51
122 43
102 5
53 16
60 92
35 137
13 151
42 155
22 166
35 169
35 206
88 151
97 124
22 123
8 221
11 367
13 317
17 299
48 257
108 60
11 645
6 490
8 417
24 353
26 336
6 283
22 310
4 177
11 199
51 191
20 67
48 39
