787 1068
775 994
775 942
816 984
733 972
753 1140
743 1084
780 1120
745 1209
739 1287
703 1237
662 1236
662 1172
649 1122
645 1084
353 1266
359 1229
354 1197
762 1245
774 1228
789 1181
805 1162
809 1116
781 1146
753 1168
734 1174
736 1109
769 1096
793 1088
790 1037
734 991
726 923
723 882
709 866
711 887
638 1132
676 1126
714 1117
713 1054
720 1008
805 1011
801 973
803 945
820 934
811 890
800 934
789 913
775 926
789 964
770 976
761 945
737 1424
739 1397
748 1362
755 1337
755 1307
728 1293
739 1247
755 1265
780 1262
783 1247
795 1228
790 1183
788 1201
750 1183
733 1143
636 1100
118 1106
122 1097
110 1072
104 1053
116 1062
673 1227
668 1214
634 1159
699 1150
727 1152
696 1088
726 1093
741 1051
761 1053
761 1021
708 1038
694 1017
690 981
697 945
695 909
687 885
577 914
579 880
581 847
584 834
582 859
577 867
707 878
821 809
822 820
827 838
809 856
798 870
779 886
785 894
802 880
829 871
828 911
813 904
782 823
808 827
807 845
800 794
826 959
815 1024
818 1046
753 1287
732 1275
737 1253
727 1241
730 1210
717 1186
704 1171
708 1201
664 1154
655 1142
634 1116
650 1105
359 1212
351 1216
362 1224
359 1245
107 1093
80 1079
97 1087
97 1068
85 1038
91 1049
100 1058
116 1084
761 889
733 901
750 870
768 854
773 834
766 807
785 809
801 809
795 846
793 833
737 869
750 885
766 876
786 856
793 885
749 919
759 929
768 897
811 926
812 913
801 916
801 895
792 987
809 998
752 955
726 938
714 931
716 911
739 911
714 873
715 846
714 827
714 817
715 804
836 146
838 134
842 152
833 158
829 139
656 172
653 157
654 132
658 150
658 136
655 145
660 124
761 399
755 334
775 353
788 359
808 322
787 328
808 339
811 368
808 398
816 432
809 458
801 485
785 494
772 507
746 526
743 452
756 481
781 428
334 571
338 550
348 564
332 588
337 613
351 587
350 575
340 585
338 576
344 598
347 531
351 545
363 557
506 510
513 523
516 538
517 557
513 576
513 597
512 612
515 606
513 585
516 562
518 547
516 528
515 515
504 514
498 507
509 502
739 372
762 373
770 391
776 366
779 383
802 377
750 359
782 330
801 350
785 342
775 306
793 298
833 315
844 284
825 253
795 205
770 163
765 192
779 225
793 247
793 265
816 273
828 269
827 230
806 221
801 185
785 158
769 137
770 124
787 145
795 742
802 693
798 635
812 680
822 721
834 678
832 654
819 664
812 652
795 718
778 747
793 770
802 790
819 793
828 743
711 782
721 793
702 810
710 833
511 567
815 288
818 301
839 301
836 363
833 397
819 418
796 416
769 419
767 442
782 469
813 474
812 530
813 546
786 547
789 563
811 563
786 526
816 509
825 522
827 485
