24 592
24 575
24 558
22 544
22 512
22 473
37 494
57 426
57 447
35 450
26 427
31 416
51 391
57 336
55 306
60 268
53 257
46 217
46 163
46 108
46 54
51 26
57 21
33 11
13 27
31 51
22 61
22 35
42 31
53 45
53 79
40 86
80 94
102 74
106 52
95 66
93 44
126 25
146 86
124 130
108 125
140 186
160 292
142 471
142 471
126 497
88 513
42 528
64 544
88 525
80 493
64 463
133 482
124 423
111 453
137 456
128 433
100 440
95 427
86 412
100 394
131 413
142 385
140 351
131 347
131 347
140 327
140 327
128 317
124 274
128 248
128 230
108 203
108 185
117 172
153 144
173 105
135 103
135 103
102 102
88 112
84 130
93 164
182 190
211 190
228 136
231 89
206 65
171 57
160 46
180 31
197 21
220 18
244 77
282 59
280 18
237 35
206 42
164 22
102 14
95 35
140 10
48 127
22 132
84 145
66 150
71 187
77 226
84 237
104 254
88 272
86 294
106 295
160 200
177 168
186 144
193 127
193 88
31 250
42 273
37 287
22 302
26 321
31 343
33 363
28 393
20 402
64 373
95 378
100 351
71 351
95 327
82 320
91 305
95 474
57 498
84 567
62 522
46 511
15 223
42 235
57 230
55 190
40 184
28 168
24 146
22 157
20 193
31 212
48 210
42 203
62 117
62 95
20 104
35 116
20 76
55 61
84 68
88 79
75 79
73 41
73 30
120 39
126 59
151 72
164 66
131 73
120 89
113 150
151 109
155 126
64 245
82 251
68 170
82 203
22 261
22 377
13 346
53 355
88 358
64 415
44 600
46 586
48 568
133 528
153 506
124 517
124 517
102 508
106 490
115 473
44 485
68 480
37 466
20 494
155 261
162 233
153 217
144 207
108 213
97 221
148 164
122 108
188 270
195 233
202 221
186 215
197 180
197 144
215 122
211 112
211 98
211 98
193 105
217 76
235 57
195 49
188 46
186 46
146 25
137 43
84 10
60 10
17 5
24 20
113 8
166 8
193 12
208 6
188 6
222 49
233 28
248 8
253 17
257 38
180 74
166 85
173 112
173 140
126 137
140 146
168 154
133 201
93 192
40 146
75 164
82 344
131 306
184 362
197 355
202 318
211 290
231 255
231 230
240 205
248 178
255 143
262 106
242 109
244 130
231 151
206 160
222 165
211 207
186 254
226 236
204 280
177 296
166 307
171 317
177 326
175 342
155 337
148 362
111 364
133 284
173 280
60 280
166 245
102 243
155 401
184 375
184 412
157 425
122 392
124 371
66 398
44 404
80 454
84 428
80 441
42 432
13 450
24 460
93 533
77 533
68 511
160 436
148 436
160 376
17 683
20 654
20 636
20 620
46 657
46 671
64 695
84 723
73 684
64 653
55 638
44 624
40 622
40 622
37 653
37 641
42 546
22 525
8 518
84 550
55 557
40 555
11 550
17 565
68 607
71 587
133 566
162 525
168 511
148 487
148 458
108 460
93 463
106 414
108 317
57 321
40 310
22 284
8 266
11 245
22 237
17 200
8 164
6 135
8 113
31 119
11 88
28 95
8 72
6 51
17 43
48 37
91 26
82 18
73 106
66 135
102 135
153 182
168 172
131 177
131 165
95 174
51 172
73 182
24 181
55 201
73 216
95 212
135 215
117 225
117 236
100 236
17 334
11 312
62 292
82 282
111 280
126 261
140 247
222 186
235 175
193 298
120 286
148 268
166 272
175 257
144 234
171 222
173 207
168 182
108 160
146 52
77 55
37 71
44 3
93 5
126 14
42 376
13 358
44 327
