293 1234
255 1226
273 1200
275 1140
293 1072
304 1024
260 1039
240 1120
262 1102
240 1092
200 1087
195 1141
215 1169
251 1164
284 1171
304 1157
255 1191
211 1194
200 1216
222 1215
237 1203
240 1187
231 1156
248 1140
268 1112
255 1015
286 1002
284 955
286 934
306 910
313 879
308 831
302 780
275 822
268 856
251 870
231 893
240 949
262 967
275 911
280 882
262 892
288 859
315 859
280 847
288 835
304 811
284 764
302 721
313 751
304 765
282 741
255 805
235 840
284 799
262 781
248 902
255 924
264 945
240 911
231 920
237 982
277 990
306 971
282 973
297 1041
280 1026
268 1075
255 1066
233 1062
231 1021
222 1043
213 1077
208 1113
188 1117
211 1147
182 1174
197 1164
213 1201
264 1216
288 1212
293 1192
271 1153
251 1150
255 1121
228 1135
213 1126
226 1105
248 1110
264 1093
297 1086
300 1101
288 1123
304 1131
297 1146
295 1173
271 1181
246 1172
220 1182
195 1182
191 1191
215 1234
246 1231
255 1000
277 1011
273 1052
235 1047
244 1030
257 1023
275 1041
293 1053
275 1060
288 903
295 886
304 895
293 872
306 847
295 819
280 810
257 822
262 833
271 833
271 833
260 844
240 863
297 749
304 741
313 730
313 701
313 720
311 760
295 756
275 753
275 787
291 772
282 777
282 777
328 792
311 789
320 771
317 812
302 800
246 851
271 869
244 881
273 923
251 934
228 927
251 963
266 954
253 982
297 979
308 991
313 1007
304 1013
304 1013
237 1011
244 1080
235 1070
228 1079
215 1091
206 1100
253 1129
304 1107
280 1092
302 1181
273 1225
308 1079
311 1053
317 891
320 852
320 779
268 1003
253 1052
217 1064
284 1102
268 1127
291 1134
304 1115
306 957
311 919
322 901
271 899
284 891
320 711
300 1063
282 1079
253 1086
233 1122
222 1116
220 1116
211 1133
231 1141
231 1144
211 1159
235 1170
233 1179
255 1180
291 915
288 1155
