230 1172
201 1146
177 1122
167 1064
156 1041
157 1001
150 965
149 944
184 878
213 923
239 897
195 899
234 869
213 834
204 803
237 803
244 828
211 817
176 812
157 793
139 792
205 789
261 789
287 799
272 775
248 779
244 791
272 787
306 790
270 823
265 798
251 814
237 834
234 850
216 857
220 883
205 890
180 899
166 911
166 928
155 943
128 975
129 989
138 984
160 974
172 943
176 933
155 1117
166 1108
164 1079
160 1066
156 1056
160 1048
144 1026
147 1011
134 1010
151 990
145 999
136 999
447 1058
453 1023
443 1003
438 1024
447 976
462 968
452 913
440 945
435 930
448 935
453 954
443 966
438 956
454 960
452 980
455 995
442 992
438 983
433 991
437 1006
444 1017
448 1015
448 1015
443 1037
437 1046
432 1058
430 1032
425 1017
433 1012
185 913
180 920
193 916
193 916
234 885
250 865
251 849
246 841
224 844
202 855
202 884
215 866
215 875
199 872
169 894
149 900
134 900
176 880
184 859
199 868
205 841
222 852
226 824
229 814
230 791
226 787
218 801
217 791
174 780
177 790
188 792
183 797
198 795
196 776
220 778
162 798
193 807
207 812
233 808
254 809
264 807
301 813
287 811
272 812
277 794
299 788
289 771
287 792
308 785
292 780
279 781
191 883
184 893
178 886
195 890
178 870
189 866
198 856
195 845
194 831
194 821
208 825
230 830
226 842
243 853
232 864
227 871
162 957
160 947
157 932
156 918
174 920
173 901
185 908
169 905
156 904
152 921
147 960
140 963
141 974
152 976
151 1017
134 1017
151 1034
144 1040
151 1028
160 1036
436 1336
428 1319
432 1314
438 1328
438 1300
426 1290
431 1285
428 1266
422 1248
430 1233
402 1248
413 1241
424 1240
431 1257
418 1256
443 1316
440 1304
435 1305
435 1305
447 1283
440 1297
442 1279
435 1276
446 1046
441 1053
427 1053
436 1026
447 924
455 919
450 930
150 968
177 929
196 908
206 896
213 906
227 905
242 920
252 916
262 893
266 926
282 949
301 911
288 918
268 901
273 908
290 907
273 918
257 904
244 908
259 882
294 889
314 862
311 844
293 828
277 839
283 868
279 840
295 855
270 848
289 849
272 861
256 858
282 858
277 877
261 871
244 876
266 835
251 835
264 823
248 816
289 811
295 830
281 825
283 817
293 819
163 767
182 762
208 759
240 760
246 767
267 762
229 772
205 768
285 718
276 677
386 615
389 581
399 539
402 501
402 470
408 464
389 476
388 496
388 523
388 546
399 526
397 507
389 558
384 592
391 601
373 682
388 644
351 689
370 712
345 743
340 749
293 754
339 701
343 724
300 739
266 732
243 749
265 752
299 729
320 724
303 694
246 707
218 688
201 709
190 731
216 730
238 707
244 696
546 595
541 564
563 541
549 537
537 553
557 554
558 578
540 587
531 582
547 571
541 586
536 608
535 624
536 636
526 634
529 617
532 630
536 618
531 599
536 596
540 539
546 548
546 244
543 261
554 275
559 261
541 288
548 305
553 316
545 347
554 361
279 259
256 299
274 321
273 285
278 310
255 311
267 302
252 341
388 463
397 484
387 487
398 495
387 509
388 629
378 634
393 592
393 565
388 570
395 574
387 542
392 531
393 513
274 331
250 327
237 322
553 236
569 257
559 248
547 254
536 247
554 292
549 272
562 304
549 319
557 342
564 328
568 338
551 332
567 377
573 369
573 398
553 364
254 688
267 691
250 709
268 706
281 704
301 690
314 682
306 713
317 705
317 715
206 738
226 745
237 741
241 729
221 718
219 694
175 681
164 666
216 672
232 657
255 662
254 621
283 655
305 656
311 666
333 662
345 672
289 673
267 667
237 674
169 705
190 699
194 691
263 297
260 270
219 250
219 281
229 284
244 273
246 289
230 303
255 288
248 306
268 318
267 325
265 335
284 280
272 272
196 625
202 640
240 637
276 637
221 599
188 611
162 615
177 655
206 577
404 390
398 415
398 443
546 391
552 446
560 460
560 498
552 519
542 229
545 191
559 213
622 190
619 168
520 186
530 160
540 190
545 206
525 125
523 88
542 79
519 105
549 99
237 265
254 259
524 145
535 145
535 145
535 170
544 173
544 174
544 161
535 117
522 114
624 155
622 140
620 152
231 258
255 245
257 364
271 352
282 356
213 621
228 622
220 638
200 661
166 707
186 721
200 686
213 665
237 674
248 674
248 674
268 672
284 660
251 650
268 643
302 771
308 752
317 746
317 745
262 740
284 737
260 722
182 732
160 722
184 698
180 667
180 667
193 680
173 641
440 1087
208 257
