51 1588
73 1586
102 1592
142 1586
188 1583
260 1563
360 1555
473 1577
595 1444
604 1340
624 1252
651 1157
691 1326
720 1432
668 1520
424 1428
468 1160
484 977
457 902
511 880
553 962
564 1026
560 1072
448 1068
355 1028
291 1097
215 1146
142 1161
164 1242
266 1262
375 1212
451 1254
544 1295
591 1311
655 1365
691 1418
753 1397
782 1493
773 1557
746 1560
724 1467
651 1480
577 1505
488 1493
473 1314
408 1311
346 1321
295 1370
233 1350
151 1298
51 1248
597 443
597 418
611 315
608 235
602 141
597 68
577 23
553 45
560 75
568 137
568 174
582 232
571 285
571 360
564 425
573 481
595 583
548 903
506 933
455 951
397 1005
415 1047
222 1035
120 1105
157 1106
193 1090
233 1063
266 1053
304 1040
326 988
364 988
357 1006
346 1075
293 1084
326 1060
375 1045
402 1068
435 1055
448 1040
448 1026
453 1001
446 990
422 990
437 980
466 972
493 965
511 994
504 1016
511 1040
533 1080
540 1086
513 1101
508 1080
535 1056
548 1060
504 1063
493 1040
471 1057
495 1052
488 1015
480 1001
406 1025
422 1114
348 1121
331 1162
366 1164
402 1125
422 1153
453 1136
480 1135
480 1103
642 1294
648 1325
697 1377
737 1415
773 1365
768 1341
760 1298
793 1270
802 1316
802 1352
766 1251
775 1216
742 1203
737 1175
760 1176
788 1195
793 1231
746 1225
700 1185
722 1152
682 1122
702 1091
753 1153
768 1133
737 1112
717 1138
13 1595
35 1580
28 1553
28 1505
24 1441
35 1371
24 1328
24 1294
26 1280
20 1241
44 1218
80 1180
88 1155
91 1155
104 1142
171 1140
166 1191
133 1191
104 1217
102 1288
86 1334
88 1396
82 1416
33 1397
73 1457
93 1483
104 1521
75 1538
57 1507
51 1480
37 1543
77 1565
133 1551
173 1556
197 1534
264 1498
277 1516
226 1542
277 1528
224 1561
260 1583
302 1590
335 1587
382 1592
473 1592
426 1593
513 1596
551 1594
597 1590
662 1582
684 1593
646 1592
684 1565
673 1532
620 1557
680 1548
724 1540
713 1515
706 1484
693 1494
688 1474
675 1448
697 1445
735 1452
780 1535
748 1505
753 1531
755 1552
722 1557
731 1572
762 1578
102 1496
122 1506
146 1506
186 1492
173 1460
151 1372
124 1442
137 1397
191 1408
226 1427
251 1434
266 1400
231 1382
177 1353
157 1345
217 1287
235 1321
266 1307
197 1215
246 1235
253 1207
231 1140
255 1133
284 1136
244 1094
262 1082
562 995
637 1041
668 1068
626 1071
604 1063
611 1093
637 1098
628 1138
544 1128
564 1193
606 1210
577 1158
637 1198
664 1232
700 1290
726 1286
724 1246
684 1205
666 1272
693 1257
726 1261
748 1271
602 1348
657 1341
702 1344
726 1347
720 1307
573 1243
544 1271
531 1194
511 1157
446 1182
482 1192
500 1173
560 1173
606 1173
653 1177
688 1175
686 1150
633 1122
584 1115
586 1147
522 1134
437 1086
371 1095
264 1175
317 1217
322 1274
295 1353
317 1413
315 1433
257 1451
222 1462
251 1477
275 1471
315 1481
324 1514
373 1512
462 1547
528 1538
633 624
604 586
600 530
595 496
597 476
573 528
615 575
593 334
617 402
631 354
615 255
635 303
602 266
606 175
602 107
595 83
506 678
497 733
500 845
433 900
373 956
395 956
431 921
380 982
471 938
491 923
524 948
546 964
584 946
597 1000
600 932
444 1183
384 1195
422 1193
464 1227
408 1241
400 1278
435 1325
417 1347
360 1373
351 1393
351 1412
355 1432
366 1450
384 1473
477 1447
440 1488
475 1388
537 1417
595 1393
646 1396
548 1350
517 1338
506 1313
495 1291
513 1240
455 1283
304 1240
342 1248
364 1240
333 1195
288 1190
275 1154
206 1186
233 1126
200 1258
157 1281
77 1212
100 1243
93 1267
75 1282
64 1304
146 1311
128 1331
115 1321
113 1346
93 1361
126 1365
288 1387
377 1337
426 1395
484 1366
535 1375
553 1394
511 1425
540 1481
528 815
551 748
568 720
564 791
571 723
571 743
566 768
555 776
555 825
542 848
537 868
566 872
548 924
615 995
597 975
577 982
540 977
511 964
502 942
464 915
584 1043
611 1023
708 1056
728 1081
751 1111
784 1287
735 1326
608 1293
586 1275
591 1433
640 1418
626 1435
600 1416
555 1442
520 1456
608 1474
640 1447
584 1473
611 1453
646 1465
702 1387
733 1360
628 1390
595 1380
566 1374
573 1333
553 1328
506 1243
471 1257
506 1266
546 1226
457 1341
453 1357
431 1376
368 1385
395 1413
300 1312
335 1350
277 1347
271 1368
200 1370
215 1392
222 1406
164 1430
182 1438
93 1445
131 1465
146 1475
177 1482
135 1498
117 1485
191 1521
373 1526
500 1515
417 1532
451 1514
440 1591
468 1555
506 1558
573 1564
613 1522
591 1545
542 1505
728 1527
742 1483
606 1492
628 1501
566 1525
493 1462
431 1455
451 1467
455 1426
471 1410
504 1394
315 1342
351 1305
346 1281
377 1261
382 1290
257 1277
211 1307
182 1333
153 1254
144 1225
51 1344
362 1495
424 1504
322 1575
300 1546
