1098 719
1112 730
1114 716
1143 706
1199 837
1100 940
1100 925
1094 906
1106 891
1114 878
1100 869
1102 858
1090 862
1104 836
1098 827
1104 813
1096 819
1098 801
1110 798
1104 765
1094 758
1102 746
1092 737
1076 737
1092 728
1086 722
1110 725
1110 708
1110 905
1118 913
1096 1047
1052 1094
1039 1077
1035 1059
1072 1060
1122 1081
1118 1107
1104 1109
1122 1092
985 1292
985 1286
985 1296
1246 733
1248 722
1238 717
1238 717
1248 712
1230 708
1226 715
1240 727
1244 742
1191 833
1203 841
1193 840
1187 829
1167 811
1167 806
1159 811
1163 803
1143 722
1145 715
1155 709
1175 706
1161 704
1143 701
1141 697
1133 729
1102 732
1104 712
1096 763
1088 757
1094 750
1090 743
1082 732
1100 865
1096 855
969 911
969 904
962 909
1110 1000
1110 992
1118 1005
1110 1007
1110 1007
1110 1015
1086 1037
1086 1043
1076 1032
1076 1032
1039 1094
1048 1096
1048 1096
1048 1088
1112 1105
1120 1087
1080 1037
1076 1027
1076 1019
1074 1014
1074 1014
1070 1013
1070 1013
1080 1009
1074 1004
1074 1004
1074 997
1080 990
1074 992
1074 992
1072 985
1033 1075
1035 1068
1060 1062
1064 1056
1070 1066
1120 34
1120 49
1116 38
1110 46
1124 43
1106 37
1114 31
1124 27
1124 27
1116 43
1112 42
1108 41
1124 54
1129 63
871 95
871 107
871 119
871 110
869 94
926 37
967 64
861 926
857 891
853 873
851 863
853 850
965 867
971 866
965 871
962 905
1094 929
1094 920
1096 917
1096 917
1104 912
1104 912
1110 913
1110 913
1094 897
1106 903
1106 900
1106 900
1104 878
1096 874
1096 874
1092 867
1110 856
1104 841
1098 839
1098 839
1096 831
1108 827
1090 814
1094 791
1086 787
1098 787
1102 778
1102 772
1108 757
1102 756
1102 756
1104 738
1179 828
1169 821
1167 816
1155 900
1153 899
1161 897
1141 897
1110 887
1110 880
1096 884
1106 862
1104 955
1100 946
1092 946
1092 946
1092 936
1102 935
1110 960
1127 959
1096 957
1096 953
1054 1076
1043 1084
960 1432
960 1418
962 1426
962 1414
958 1424
962 1408
950 1301
1106 796
1088 795
1098 808
1104 726
1100 724
1098 724
1108 716
1104 699
1100 706
1096 713
1124 61
1120 66
1114 6
1116 13
1116 9
1122 18
1116 50
865 101
871 123
863 273
863 267
999 1333
1090 911
1088 921
1074 1034
1072 1018
1070 1002
1072 988
1031 1057
1033 1065
1033 1061
1031 1077
1037 1082
1043 1099
1043 1093
1102 873
1088 856
1066 791
1080 742
1086 740
1086 740
1068 733
1076 726
1054 724
1147 708
1120 708
1187 835
1169 844
1177 842
1177 842
1161 845
1098 925
1098 914
1098 901
1098 887
1094 880
1102 832
1100 819
1090 805
1074 733
1086 727
1080 731
1074 730
1080 727
1080 727
1080 741
1084 736
1234 715
1228 721
1228 721
1242 723
1238 711
1224 709
1220 706
1220 706
1246 737
1242 736
1242 736
1240 731
1240 731
1234 722
1100 795
1098 798
1098 798
1102 808
1094 811
1094 811
1092 831
1098 824
1100 814
1092 759
1094 749
1098 754
1098 754
1098 750
1098 750
1096 744
1098 740
1098 740
1096 736
1096 736
1098 732
1098 732
1088 732
1088 732
1098 941
1098 936
1096 936
1098 930
1100 926
1100 926
1096 916
1100 901
1100 892
1096 892
1074 1010
1076 1030
1076 1025
1070 1012
1070 1007
1070 1007
1033 1074
1031 1068
1029 1064
1029 1064
1033 1059
1033 1059
1088 932
1088 929
1088 929
1090 925
1090 925
1094 918
1094 913
1094 913
1100 908
1100 902
1100 897
1100 897
1100 887
1100 880
1096 875
1096 875
1094 873
1094 873
1094 870
1094 870
1096 864
1096 861
1096 861
1096 859
1096 859
1098 854
1098 854
1102 849
1102 849
1102 840
1104 828
1098 835
1092 815
1090 806
1094 805
1094 805
1062 792
1062 787
1062 787
1068 772
1068 769
1068 769
1068 763
1050 722
1112 64
1112 64
1104 61
1104 61
928 48
928 54
932 60
924 58
934 41
1169 760
1167 755
1167 755
1165 745
1167 748
1167 748
1163 749
1163 749
1167 757
1165 755
1165 755
1159 753
1159 753
1163 758
1163 758
1171 763
1171 763
1177 765
1177 765
1173 757
1171 753
1129 748
1131 742
1129 737
1129 737
1124 732
1124 732
1124 722
1120 719
1120 719
1122 726
1127 735
1131 743
1133 747
1133 747
1135 753
1131 731
1131 731
1124 726
1122 726
1096 719
1096 724
1096 724
853 808
857 795
857 788
857 817
857 821
857 788
855 786
853 797
853 814
849 836
851 841
851 841
851 844
851 844
851 846
851 846
993 1313
991 1321
989 1325
930 96
995 55
934 68
934 63
934 54
932 46
926 40
904 45
918 33
912 32
912 32
922 38
1082 1039
1096 1004
1106 1012
1104 1017
1104 1017
1104 1022
1104 1022
1092 1031
1102 1027
1102 1027
1088 1026
1084 1032
1074 1024
855 782
855 778
855 778
859 743
859 729
859 723
855 717
855 717
859 731
859 738
857 929
861 932
861 924
857 920
857 920
926 1390
926 1379
920 1375
926 1370
924 1366
942 1407
932 1401
930 1397
938 1406
960 1352
965 1346
965 1350
965 1350
954 1346
954 1346
960 1346
1094 952
1090 952
1090 952
1088 949
1088 949
1092 943
1092 940
1092 940
1088 909
1088 818
1094 812
1092 810
1098 766
1092 762
1092 762
1090 752
896 423
896 434
900 432
896 427
896 427
962 411
960 407
960 407
952 406
946 410
946 410
942 409
942 409
944 418
950 416
948 429
942 428
942 428
1120 960
1104 959
1102 1105
1096 1107
1102 1108
1102 1108
1090 1106
1094 1102
985 1287
989 1294
993 1331
991 1316
985 1312
985 1312
853 819
859 734
857 727
971 909
969 915
967 912
965 912
965 872
965 867
965 867
962 867
962 867
1108 1003
1106 997
1106 990
1106 988
1106 987
1120 1086
1116 1084
1116 1084
1116 1080
1116 1080
1039 1089
1043 1098
1039 1097
1039 1097
1110 1110
1114 1104
1116 1101
1120 1096
1120 1096
1116 1087
1116 1090
1116 1090
1116 1090
1280 831
1272 831
1272 834
1278 836
1278 836
1274 835
1274 835
1270 835
1270 835
1278 840
1278 840
1280 832
1276 841
1268 843
1268 843
1266 844
1266 844
1284 843
1276 843
1272 840
1114 50
1122 15
