712 56
703 51
710 51
732 37
743 33
757 27
766 17
766 23
771 25
780 19
775 13
785 10
788 15
791 22
782 28
771 32
763 33
766 29
744 29
734 21
735 17
723 10
712 8
707 14
696 14
701 22
711 23
714 17
718 24
719 34
729 45
715 62
690 70
684 64
687 75
689 80
698 82
708 64
721 50
708 45
734 43
744 40
750 34
742 37
734 32
727 33
725 26
730 14
723 16
715 13
736 6
758 22
772 19
781 24
779 9
769 12
777 5
788 3
784 4
790 7
782 15
788 19
760 30
762 27
786 26
733 11
725 4
710 13
708 20
691 73
713 52
713 47
723 36
736 43
718 42
712 30
707 26
705 16
710 17
718 21
725 18
725 21
729 23
735 26
742 27
761 19
766 19
773 15
779 17
776 26
797 25
790 17
780 12
686 78
692 77
708 48
723 29
716 28
713 20
719 19
717 9
722 5
730 7
734 2
750 3
746 8
740 11
740 14
745 19
740 21
738 17
733 13
730 19
721 12
727 11
738 37
739 40
711 45
717 54
687 73
704 20
991 418
998 414
1000 418
1005 415
1006 419
1013 420
999 423
994 419
991 421
991 421
993 416
1010 413
1008 423
989 457
992 461
995 458
988 463
993 465
1148 371
1161 364
1169 366
1184 355
1195 356
1199 361
1183 365
1176 361
1164 356
1175 352
1175 356
1166 353
1164 362
1167 359
1153 360
1149 365
1158 368
1165 372
1174 368
1190 350
1179 350
1194 346
1201 341
1204 346
1216 342
1220 344
1220 344
1235 343
1244 340
1260 337
1270 335
1282 334
1230 340
1238 339
1252 338
1193 341
1208 342
1186 344
1171 348
1159 354
1144 363
1139 369
1143 373
1143 377
1162 367
1151 376
1133 373
1138 375
1152 367
1150 367
1144 367
1156 360
1144 396
1124 394
1121 399
1133 402
1133 396
1136 390
1149 385
1153 391
1150 383
1139 383
1147 386
1142 392
1144 387
1150 388
1122 386
1133 385
1116 388
1122 392
1107 389
1112 394
1113 397
1107 400
1119 405
1144 410
1148 404
1142 401
1130 410
1124 404
1137 406
1141 403
1128 398
1130 393
1114 401
1109 406
1147 399
1117 394
1128 388
1110 401
1135 398
1107 395
1113 390
1130 368
1116 403
1131 407
1151 394
1138 387
1150 417
1143 415
1146 420
1133 419
1127 422
1132 436
1131 426
1112 428
1105 423
1097 425
1107 433
1112 440
1119 433
1104 434
1098 441
1118 434
1112 434
1121 438
1108 437
1104 441
1093 434
1086 434
1086 429
1092 430
1103 428
1094 429
1092 424
1097 420
1091 420
1081 434
1087 441
1092 439
1101 438
1115 424
1108 419
1115 418
1118 416
1118 416
1123 415
1130 414
1121 418
1119 422
1107 426
1077 433
1084 437
1080 441
1117 442
1122 429
1131 430
1143 434
1146 438
1154 434
1156 432
1158 431
1153 426
1138 440
1152 438
1139 437
1148 445
1152 451
1136 464
1150 465
1163 468
1170 463
1178 461
1164 457
1155 457
1147 459
1161 461
1155 465
1142 467
1143 450
1140 444
1154 460
1145 463
1178 466
1171 460
1173 467
1164 465
1156 470
1131 483
1128 489
1118 492
1118 488
1125 484
1131 485
1138 481
1124 493
1123 489
1116 495
1133 480
1111 506
1097 506
1088 508
1078 512
1086 514
1075 513
1078 516
1068 517
1068 510
1080 509
1068 512
1074 510
1075 518
1084 520
1093 518
1123 524
1127 513
1106 513
1127 508
1137 503
1146 505
1146 512
1138 505
1137 512
1132 507
1133 513
1131 509
1118 511
1111 510
1102 510
1094 513
1093 510
1090 505
1087 511
1122 501
1117 503
1129 503
1131 492
1134 495
1142 497
1132 498
1139 502
1123 496
1121 507
1111 516
1103 507
1115 514
1120 517
1112 520
1106 519
1099 520
1101 515
1128 518
1119 520
1122 513
1117 523
1125 521
1135 523
1136 517
1129 515
1124 504
1105 504
1159 466
1149 467
1144 438
1149 432
1116 431
1109 430
1098 431
1137 394
1156 357
497 663
500 667
504 667
507 671
512 672
512 666
506 663
504 662
510 664
501 664
507 666
502 712
507 704
508 709
503 707
501 704
498 701
504 701
501 714
495 713
508 715
507 705
510 669
707 819
712 821
719 821
710 823
718 823
713 816
700 814
691 818
682 816
685 812
691 814
685 813
692 813
687 815
687 820
671 816
676 814
694 822
682 819
676 818
707 812
715 812
723 814
740 818
737 823
715 819
705 822
690 820
681 814
696 814
694 651
698 651
700 648
707 648
703 651
711 650
713 647
721 648
718 654
709 654
701 655
713 660
721 659
725 653
716 657
724 656
736 657
734 651
728 660
735 663
746 662
741 657
732 661
731 657
719 662
728 665
741 661
730 653
739 654
706 658
723 663
878 698
871 693
873 686
865 682
857 686
857 689
872 690
881 692
858 688
865 686
863 692
850 695
848 686
859 680
872 677
874 681
788 685
792 687
792 681
859 696
847 692
879 695
886 698
867 696
864 688
855 692
806 937
794 936
786 937
777 941
763 944
744 945
681 936
689 941
691 936
698 937
698 939
685 937
693 933
789 943
797 946
809 948
819 951
822 963
808 956
759 941
768 940
769 937
775 936
759 933
745 934
738 934
767 931
774 930
785 929
785 933
800 933
794 927
802 930
796 931
804 943
795 940
774 945
753 936
762 938
744 941
729 937
729 934
752 932
762 929
769 933
779 932
742 975
756 975
774 977
787 980
806 982
813 978
794 975
801 967
810 965
812 958
819 956
823 959
825 955
784 947
785 951
761 947
752 943
751 940
750 965
771 971
780 968
788 970
785 973
782 977
766 968
761 969
751 970
746 975
735 976
746 956
743 959
760 960
771 965
786 968
791 969
807 972
818 961
706 940
759 963
752 960
1058 1027
1046 1030
1050 1021
1059 1021
1045 1029
1030 1030
1027 1017
1054 1015
1060 1033
1037 1035
1037 1035
1047 1024
1054 1025
1051 1032
1063 1030
953 984
972 990
985 991
997 994
1005 996
999 1019
987 1020
956 954
954 977
966 981
960 986
971 984
947 982
958 981
1019 1018
967 986
1104 873
1089 872
1099 865
1080 865
1063 866
1069 872
1081 869
1073 873
1079 873
1151 856
1157 863
1165 855
1165 849
1149 845
1143 854
1148 865
1159 867
962 984
977 988
1059 870
1095 854
702 1136
700 1111
724 1105
718 1087
731 1095
719 1097
701 1101
715 1119
702 1124
696 1128
715 1140
725 1144
730 1149
681 1226
677 1219
667 1225
669 1213
683 1212
693 1221
658 1229
1037 1030
1026 1034
690 1190
684 1177
716 1152
724 1149
737 1146
712 1134
710 1128
693 1135
693 1135
690 1119
703 1117
713 1108
709 1105
687 1109
693 1103
711 1081
674 1226
685 1221
687 1193
684 1193
736 1150
709 1142
699 1141
738 1102
726 1101
721 1081
712 1086
724 1084
716 1083
722 1111
671 1156
