1097 757
1104 746
1089 738
1106 730
1104 719
1128 719
1122 709
1093 868
1097 859
1108 807
1112 801
1102 796
1102 796
1081 887
1075 987
1073 996
1073 1010
1093 1041
1085 1032
1042 1056
1044 1092
1044 1084
1120 1104
1120 1094
1116 1082
1246 737
1246 722
1236 713
1226 706
1234 722
1236 737
1077 741
1091 725
1110 762
1214 821
1202 827
1189 830
1169 810
1163 803
1179 782
1095 882
1077 879
1067 886
1071 900
1095 923
1095 907
1095 932
1097 945
1106 957
1065 963
1065 1056
1081 1041
1112 1005
1114 994
1036 1063
1040 1095
1110 1108
1102 1097
963 1425
965 1416
963 1303
1024 1309
1006 1331
965 1347
955 1289
1118 30
1108 40
1118 48
1124 39
1106 32
1126 55
1108 62
1097 67
1014 133
1010 129
861 965
873 1045
875 1062
867 990
859 947
861 870
853 883
853 836
859 974
875 1035
1100 898
1087 907
1093 829
1281 836
1118 884
1093 815
1097 807
1097 798
1102 765
1089 759
1093 746
1106 737
1079 734
1083 724
1102 712
1114 705
1100 853
1110 1000
1077 979
987 1288
989 1279
963 1435
959 1421
948 1478
969 868
1036 978
959 408
934 32
1116 43
1118 35
1273 834
1118 906
1089 861
1089 857
1089 936
1087 922
1095 914
1102 938
1091 948
1081 895
1097 894
1075 891
1069 990
1073 1016
1069 1001
1030 1056
1097 1107
1114 1101
1118 1089
1126 1083
953 1299
953 1429
963 1410
857 959
875 1074
871 1052
865 1041
1067 983
1057 988
1057 988
1028 975
969 906
1114 792
1102 778
1112 775
1116 722
1091 718
1244 729
1249 713
1244 708
1210 833
1228 831
1198 820
1218 813
1181 829
1204 835
1095 839
1089 788
1108 787
1083 870
1077 1032
1008 1319
1108 46
1106 725
1097 730
1087 816
1087 807
1093 795
1097 787
1110 866
873 1068
869 1060
857 989
855 862
916 752
912 747
906 755
1002 720
995 717
1093 752
1108 754
1095 733
1073 735
1079 729
1095 874
1116 898
1112 878
1104 842
1104 834
1059 976
1051 1074
1055 1066
1055 1056
1118 57
928 34
916 32
865 270
873 112
869 92
948 410
1122 951
1106 1007
981 1284
1230 717
1175 804
1085 785
1104 752
1104 752
1106 708
1116 6
1120 958
1067 969
1146 717
855 970
859 915
855 901
853 808
851 1138
851 1130
961 1439
961 1428
1055 1083
1102 1001
1108 991
1106 950
1122 30
1115 36
1105 39
1105 39
1113 46
1107 56
1118 61
1118 61
1120 55
1103 63
1013 135
1076 505
1243 742
1237 721
1243 728
1245 714
1228 710
1237 735
1220 830
1216 811
1214 821
1202 826
1202 831
1202 831
1185 835
1165 808
1171 802
1134 746
1128 729
1128 712
1122 708
1122 708
1107 719
1103 736
1083 733
1107 728
1101 748
1097 760
1115 802
1105 797
1105 797
1107 789
1109 778
1097 800
1099 807
1091 744
1095 723
1105 710
1130 722
1099 877
1095 868
1089 857
1113 856
1103 853
1103 853
1103 845
1101 824
1103 832
1093 833
1093 833
1085 816
1095 924
1099 902
1099 906
1097 906
1097 911
1097 911
1099 915
1099 915
1107 906
1091 909
1091 890
1083 885
1083 885
1074 887
1074 887
1074 897
1076 873
1089 868
1095 949
1093 936
1107 955
1122 1087
1122 1103
1109 1095
1118 1080
1097 1043
1083 1037
1083 1032
1085 1031
1070 1013
1070 1000
1070 994
1070 983
1058 991
1048 1088
1058 1076
1052 1068
1074 1076
1076 1055
1066 1056
1066 1056
1044 1052
1037 1057
1037 1057
1050 1062
1093 1044
1111 1004
1111 994
1120 952
1107 950
1093 952
1091 902
1093 897
1093 897
1083 894
1068 889
1091 880
1091 876
1091 876
1115 864
1107 863
1107 863
1099 863
1099 863
1099 843
1099 838
1097 817
1091 808
1109 802
1097 793
1093 758
1093 753
1093 753
1103 755
1093 732
1095 739
1079 739
1085 728
1089 723
1089 723
1099 714
1097 930
1097 919
1097 942
986 1286
982 1291
986 1292
982 1282
1003 1332
962 1426
962 1418
964 1411
964 1434
957 1429
955 1429
953 1419
955 1437
960 1301
960 1290
1015 1319
1050 1073
1040 1076
1040 1076
1048 1082
1042 1095
1054 1095
1040 1064
1056 1056
1081 1047
1087 1039
1066 988
855 876
861 873
861 873
857 865
855 857
859 961
859 971
863 965
851 963
949 1474
947 1482
1009 126
1015 120
1156 706
1148 701
1148 701
1239 716
1249 723
1200 839
1210 835
1210 835
1214 830
1118 886
1113 878
1087 759
1107 705
1171 807
1165 802
1101 935
1089 928
1089 921
1087 909
1079 892
1079 885
1076 878
1068 885
1101 872
1097 854
972 911
968 905
970 866
869 1043
869 1036
869 1029
863 1014
875 1076
875 1064
867 1056
867 1050
847 1142
847 1134
857 948
857 944
855 918
855 927
853 841
853 833
851 807
859 799
857 793
851 785
916 311
873 96
871 89
867 78
867 64
871 111
869 120
869 129
1111 51
1115 42
1113 30
1118 23
1122 9
1105 45
1115 34
1146 715
1152 709
1253 735
1243 735
1243 735
1249 729
1243 716
1230 718
1237 712
1177 833
1177 831
1177 831
1161 815
1159 809
1167 798
1105 778
1105 772
1099 777
1099 777
1101 766
1105 757
1089 745
1089 735
1105 732
1095 728
1095 728
1099 724
1099 720
1099 720
1093 718
1093 718
1074 746
1087 787
1087 792
1087 792
1089 797
1089 797
1095 791
1105 786
1105 786
1089 806
1070 808
1074 800
1074 795
1074 795
1062 795
1062 788
968 870
914 749
910 747
910 747
908 755
910 751
910 751
1118 1109
1124 1094
1113 1089
1113 1089
1113 999
1113 990
1101 998
1060 963
1056 961
1056 961
1064 962
1101 944
1097 940
1097 940
1097 935
1097 935
1113 890
955 1294
966 908
996 721
996 714
1007 719
1007 716
999 718
999 718
1243 722
1113 37
1107 42
1107 42
1109 1006
1099 1002
1099 1001
1105 998
1105 998
1107 1012
1081 1038
1079 1027
1079 1012
1072 1006
1066 998
1062 989
1060 983
1072 962
1091 943
1087 937
1087 937
1089 926
1091 917
1103 900
1099 889
1097 883
1089 870
1083 866
1083 866
1076 869
1076 869
1093 826
1093 779
1085 754
1085 754
1083 747
1243 733
1232 715
1251 737
962 408
892 283
865 277
859 270
