552 1184
546 1177
553 1175
563 1175
558 1178
541 1158
542 1151
546 1145
553 1145
567 1145
554 1154
549 1149
566 1152
557 1148
561 1140
571 1143
572 1148
543 1141
548 1141
547 1157
546 1182
542 1135
539 1125
541 1116
541 1106
536 1120
535 1130
542 1129
549 1113
558 1108
563 1106
566 1100
566 1090
573 1105
562 1102
556 1104
549 1106
548 1092
560 1145
546 1098
553 1096
562 1095
556 1088
554 1081
548 1074
544 1065
542 1068
542 1076
544 1082
557 1076
564 1082
567 1086
557 1084
551 1086
542 1087
537 1084
536 1090
537 1094
539 1098
538 1102
540 1110
551 1101
544 1093
557 1091
551 1071
542 1072
538 1061
545 1056
546 1059
550 1065
565 1078
549 1077
536 1071
539 1056
537 1046
540 1034
543 1025
545 1014
542 1017
549 1022
542 1021
543 1050
539 1039
550 1153
533 1155
536 1145
535 1141
539 1179
537 1225
543 1199
547 1008
544 1002
548 994
541 971
548 980
557 970
568 972
555 976
546 971
537 980
542 987
554 988
566 992
548 983
537 996
539 1002
569 965
564 952
571 956
557 962
548 963
554 955
568 959
563 966
547 975
542 955
551 958
563 956
555 947
564 943
556 932
551 937
537 948
541 936
533 928
546 943
546 948
552 950
457 951
457 958
461 963
464 968
468 972
474 976
477 980
475 988
473 1000
477 1010
480 1003
477 996
486 992
488 995
493 991
500 985
494 979
482 985
490 985
483 977
485 981
491 973
504 976
504 959
490 958
496 963
496 948
498 957
485 952
480 953
478 958
475 961
476 967
477 971
484 961
466 959
469 965
471 954
471 947
463 953
460 942
460 932
465 936
471 941
482 942
475 936
471 932
464 948
453 945
477 943
486 950
490 946
480 948
494 952
509 952
517 956
526 959
536 963
539 960
532 955
525 950
514 960
518 950
526 936
532 940
541 940
524 943
535 944
552 967
573 949
567 948
557 941
549 931
561 926
569 927
562 920
557 920
554 927
561 973
503 952
506 948
512 947
513 936
503 944
514 940
519 944
522 939
517 931
531 931
535 936
539 933
543 927
546 923
543 982
438 882
440 890
440 895
468 908
477 894
508 903
511 922
524 908
494 913
485 929
494 932
496 928
484 919
499 938
504 932
491 938
482 935
531 915
524 922
513 927
508 912
499 919
520 912
522 916
511 914
541 919
542 904
540 897
522 893
524 900
532 900
535 911
543 911
531 906
527 895
522 881
520 885
505 882
502 893
503 898
508 894
500 886
488 897
491 902
480 909
493 907
474 900
479 908
500 907
515 908
520 902
509 889
517 897
494 921
484 913
474 913
475 923
480 929
475 919
465 920
486 924
504 927
524 927
518 918
440 914
442 902
451 908
453 912
455 920
449 916
447 920
461 915
460 926
469 928
460 905
451 895
453 901
464 900
459 890
453 880
449 885
462 886
474 885
488 887
489 882
471 881
463 882
469 890
469 895
489 892
480 903
445 906
532 920
548 915
539 921
546 990
439 907
441 873
441 861
455 865
464 869
485 871
502 872
525 873
538 876
552 878
546 866
528 860
548 869
538 869
539 861
526 866
514 863
513 855
508 851
497 852
500 859
504 864
510 868
516 870
513 876
493 878
468 878
457 875
474 873
480 876
480 891
443 851
441 841
445 820
450 813
457 813
450 828
442 831
450 825
451 837
457 845
468 853
469 830
460 825
455 818
468 813
457 790
457 785
467 792
465 788
422 788
421 777
422 781
426 779
406 761
405 753
408 743
411 733
415 739
418 746
411 749
415 755
424 748
425 738
431 744
420 734
424 742
424 754
418 751
414 760
409 757
461 792
461 817
460 831
462 839
471 838
474 844
479 852
469 846
455 853
457 858
450 857
467 861
475 864
444 877
445 865
452 870
489 862
497 868
484 867
478 856
480 860
488 854
504 854
529 879
533 872
547 875
485 849
466 823
450 846
448 891
446 911
484 906
480 883
459 810
539 716
547 717
553 717
558 716
559 712
549 711
542 711
542 706
544 699
544 694
545 690
555 690
552 695
551 702
558 704
552 706
560 707
558 694
570 695
575 689
579 683
577 673
568 676
557 678
554 681
563 684
562 686
551 683
565 680
558 698
552 668
550 672
550 677
562 670
558 673
588 670
571 671
592 681
573 681
571 687
568 692
555 686
551 658
559 650
570 651
591 655
590 648
579 627
570 625
564 629
564 637
572 636
581 636
574 640
564 642
572 643
564 644
579 651
591 642
575 630
563 654
563 690
581 645
581 641
569 647
565 622
578 622
568 628
568 633
562 677
549 698
409 738
464 847
572 620
569 580
574 573
571 571
573 562
579 562
590 562
596 560
588 554
579 566
579 546
577 530
580 511
583 493
585 476
585 452
592 434
594 419
613 419
600 438
598 445
599 451
592 485
600 487
592 495
583 501
587 512
583 519
585 524
576 540
585 539
586 547
574 555
599 565
585 566
584 559
576 555
572 566
576 653
592 455
588 445
585 440
585 427
586 417
597 427
602 423
627 421
635 418
603 418
590 480
581 485
592 450
592 442
585 431
588 507
579 506
577 522
577 535
581 543
573 549
580 551
578 516
598 434
590 423
585 456
582 4
583 10
584 21
584 27
590 38
590 48
598 48
599 31
606 17
620 20
629 9
613 3
601 6
596 14
614 9
624 13
606 57
611 65
593 68
590 55
595 20
590 10
591 3
591 29
596 59
605 68
603 22
606 12
586 497
580 480
595 25
587 13
589 17
614 15
614 57
600 63
597 42
614 49
605 51
597 54
593 62
581 472
580 496
581 526
536 991
537 1010
486 971
501 971
540 1053
542 1029
541 966
484 965
552 970
493 983
453 888
461 910
469 904
457 896
411 753
