852 48
862 48
853 40
832 35
842 35
847 30
857 31
865 30
863 42
859 35
844 43
1026 102
1026 94
1026 90
1027 85
1037 87
1037 91
1037 100
1031 97
1027 109
1025 110
1033 106
1054 113
1065 114
1083 114
1098 111
1107 113
1041 97
872 251
872 247
872 244
873 238
872 231
874 225
871 228
882 228
895 230
913 231
928 234
972 243
990 238
1029 235
1050 227
1074 242
1081 230
1061 236
1047 237
1061 227
1075 232
1077 237
1066 238
1056 247
1037 246
1018 246
1006 235
1011 239
1026 240
1018 233
1029 225
1036 230
1047 233
1039 238
1055 241
1046 247
1040 242
992 246
1003 241
1008 243
1008 244
992 243
981 245
978 237
990 226
1003 230
994 232
981 233
976 228
967 230
966 235
952 244
939 247
910 253
895 247
900 242
921 244
910 247
898 240
883 236
880 246
888 246
888 244
888 244
893 235
913 236
921 241
940 240
951 228
951 235
940 233
933 244
922 251
963 248
959 241
948 250
976 250
1007 249
1000 247
1029 250
1075 244
1091 244
1091 233
1125 296
1125 305
1124 313
1124 320
1122 329
1105 328
1100 309
1110 304
1116 313
1116 288
1115 290
1108 272
1113 285
1120 272
1122 262
1117 257
1135 248
1130 241
1127 230
1124 240
1147 236
1090 222
1074 227
1070 231
1045 223
1017 226
1002 223
835 210
834 202
837 198
840 205
843 209
850 193
845 186
939 374
945 372
939 379
933 371
932 378
943 376
899 379
900 376
912 377
916 374
910 374
908 377
908 377
928 385
939 387
939 387
939 383
957 384
976 388
988 387
969 382
966 386
960 392
952 393
986 393
978 387
916 371
892 371
881 372
875 372
875 372
864 364
861 351
860 358
891 339
890 345
889 352
890 361
892 350
895 343
909 62
914 65
914 65
911 69
882 18
893 18
1060 29
1068 29
1076 29
1084 31
1089 30
1089 30
1097 30
1084 27
1071 31
1040 34
1039 46
1047 51
1055 51
1041 40
1036 51
1046 44
1020 22
1032 22
1019 25
1012 22
1029 19
1067 20
1078 20
1084 21
1084 21
1090 21
1145 24
1145 18
1146 13
1155 11
1165 11
1169 14
1166 18
1165 23
1163 25
1146 26
1125 84
1133 86
1130 91
1154 90
1155 101
1159 98
1164 116
1162 106
1159 111
1159 118
1163 124
1165 127
1165 127
1045 139
1052 139
1061 139
1066 139
1066 139
1075 139
1084 139
1088 139
1089 139
1100 139
1105 139
1109 139
1118 139
1124 139
1124 139
1132 138
1138 139
1076 113
1064 123
1055 124
1049 121
1046 114
1042 83
1040 77
1020 54
1018 48
1020 45
1016 42
1028 57
974 57
1025 11
1035 13
1042 12
1044 9
1044 9
1046 5
1033 5
1149 22
1220 56
1220 50
1222 44
1213 42
1207 51
1198 47
1200 52
1206 54
1213 56
1205 46
1173 39
1184 39
1192 40
1176 32
1184 28
1207 15
1207 3
1215 8
1218 16
1222 16
1224 16
1224 11
1224 5
1207 9
1216 11
1211 15
1210 20
1266 119
1270 125
1289 125
1152 84
1154 95
1146 50
1145 54
1147 57
1147 61
1150 63
1150 63
1149 68
1150 71
1150 71
1150 76
1153 78
1153 78
1089 81
1089 86
922 225
932 227
942 225
955 225
976 224
966 226
904 235
922 230
906 225
894 224
886 224
922 379
932 383
963 382
977 383
1037 350
1051 343
1064 338
1071 319
1042 324
1028 324
1044 328
1050 315
1047 309
1031 315
1017 313
1007 325
1019 331
1003 338
993 340
996 328
1003 323
945 305
951 305
952 305
943 297
933 323
934 327
920 118
925 115
925 115
922 112
844 201
891 238
885 252
1046 320
1066 326
1065 328
1064 329
1057 333
1048 340
1035 340
1040 338
1042 337
1027 332
1023 338
1011 341
1023 341
1007 322
1008 310
996 314
1058 316
1069 309
1054 303
1059 292
1068 290
1050 290
1046 296
1009 304
997 289
1009 286
1050 283
1051 265
1134 303
1139 311
1137 319
1137 320
1138 327
1143 304
1143 295
1136 256
1119 247
1152 252
1152 245
1138 233
1146 226
1138 222
1125 222
1118 228
1119 236
1111 221
1279 303
1282 291
1286 290
1309 291
1324 291
1316 283
1298 283
1310 286
1325 286
1339 285
1281 129
1270 131
1296 133
1308 126
1333 130
1355 99
1366 100
1377 100
1384 100
1396 100
1405 98
1410 99
1410 99
1426 99
1436 99
1448 100
1456 100
1468 99
1333 59
1347 58
1361 60
1376 60
1372 60
1389 59
1399 60
1416 56
1423 59
1432 59
1439 58
1412 62
1406 56
1370 56
1362 74
1376 74
1384 74
1394 74
1405 74
1417 73
1422 72
1422 72
1433 74
1442 73
1454 74
1465 73
1474 74
1486 74
1499 74
1508 73
1454 56
1472 56
1454 59
1468 57
1484 60
1494 57
1506 56
1509 58
1509 59
1524 57
1528 56
1530 57
1526 65
1513 63
1372 27
1393 26
1405 26
1417 25
1430 26
1445 26
1452 25
1470 25
1450 129
1429 127
1417 132
1412 125
1393 127
1372 127
1352 125
1337 124
1324 123
1314 133
1314 133
1322 128
1331 134
1343 133
1361 129
1373 133
1350 129
1392 133
1401 132
1379 122
1360 120
1315 122
1301 122
1284 120
1274 123
1285 134
1266 134
1262 124
1433 134
1457 134
1456 122
1438 120
1441 127
1406 120
1388 119
1350 120
1369 42
1383 41
1399 41
1397 42
1416 42
1432 42
1408 39
1423 41
1446 38
1456 41
1475 41
1493 41
1485 41
1485 41
1467 41
1378 11
1398 12
1413 10
1427 11
1433 12
1450 12
1468 10
1487 12
1498 11
1445 12
1390 301
1397 288
1409 299
1425 296
1436 296
1444 284
1416 285
1415 291
1429 292
1440 290
1456 287
1448 296
1436 309
1416 319
1402 315
1386 327
1407 332
1405 348
1398 370
1388 381
1417 381
1422 364
1423 347
1442 341
1441 371
1449 383
1436 364
1421 355
1432 336
1423 333
1476 313
1484 348
1500 363
1490 329
1505 335
1504 309
1477 323
1480 308
1464 285
1393 280
1374 280
1361 284
1352 282
1335 279
1325 280
1302 280
1274 279
1283 284
1204 318
1222 327
1211 330
1207 340
1212 345
1193 362
1196 364
1139 351
1128 339
1118 352
1124 344
1142 346
1162 348
1166 354
1157 352
1130 355
1068 344
1078 340
1072 335
1056 322
1081 328
1045 350
1012 332
1021 318
998 300
1061 274
1080 241
1087 237
1115 265
1189 389
1196 377
1211 380
1225 381
1238 381
1244 388
1240 392
1253 393
1254 385
1253 355
1249 365
1230 361
1204 359
1195 351
1255 343
1255 330
1232 329
1261 328
1241 314
1327 322
1328 299
1316 344
1311 366
1292 361
1273 361
1300 389
1332 387
1353 389
1388 386
1376 393
1370 373
1378 361
1382 352
1392 359
1422 367
1436 385
1472 390
1440 322
1421 311
1422 303
1387 295
1416 282
1428 284
1471 279
1382 323
1374 335
1391 337
1408 340
1374 342
1372 354
1445 361
1422 322
1429 325
1427 325
1440 396
1460 397
1455 408
1468 426
1431 418
1448 444
1451 424
1451 424
1464 417
1206 627
1188 642
1211 644
1222 633
1242 635
1246 652
1262 645
1244 635
1231 650
1235 643
1208 653
1180 654
1182 626
1224 630
1260 632
1286 640
1304 637
1284 651
1264 634
1291 631
1308 653
1268 656
1308 653
1302 645
1297 660
1326 643
1335 637
1335 637
1317 628
1348 633
1313 627
1324 637
1337 631
1200 635
1197 651
1188 657
1233 658
1251 661
1235 448
1237 437
1240 424
1275 431
1282 443
1308 442
1331 435
1340 450
1335 423
1364 437
1382 434
1355 422
1297 418
1304 430
1262 438
1262 422
1262 422
1331 396
1346 404
1371 398
1395 404
1413 378
1393 411
1013 484
1044 487
1051 471
1064 455
1066 478
1091 458
1080 442
1051 435
1037 430
1028 441
1028 470
1044 452
1015 458
1035 451
1044 461
1011 430
1071 428
1093 440
1093 425
1053 427
991 503
1013 505
1020 503
1002 502
962 498
931 486
955 495
880 685
891 682
893 682
911 681
926 682
960 682
971 683
977 684
944 678
988 682
1013 685
1026 685
871 664
885 668
900 666
912 668
921 666
936 668
946 667
966 667
980 666
995 667
1010 666
1031 667
1047 668
1062 667
1072 668
1084 666
1096 666
1110 666
1128 668
1165 697
1179 685
1192 690
1207 688
1221 690
1233 695
1243 687
1251 691
1261 691
1256 694
1254 694
1204 697
1184 698
1165 688
1150 681
1155 692
1144 666
1124 684
1096 687
1078 685
1066 683
1053 683
1039 683
1005 682
936 685
905 685
871 680
869 670
869 648
868 639
868 619
848 615
834 610
814 610
828 616
834 618
834 618
814 615
819 619
846 610
942 746
935 746
925 744
914 740
1021 849
1043 843
1038 858
1018 868
1007 880
1032 885
1000 889
1008 896
1014 902
1032 906
1038 923
1051 931
1029 945
1019 934
1050 944
1013 944
1038 948
1209 963
1228 966
1247 964
1269 966
1286 964
1316 967
1316 968
1339 968
1337 971
1364 967
1358 959
1358 970
1348 976
1353 964
1329 967
1333 980
1362 977
1377 961
1343 958
1299 964
1257 964
1232 964
1214 964
1199 965
1021 680
993 687
948 686
893 666
868 688
888 687
1031 478
1055 479
1031 480
1039 483
1073 492
1071 468
1100 466
1131 455
1135 451
1153 450
1177 425
1182 439
1173 435
1173 447
1169 466
1172 450
1160 474
1164 491
1152 498
1136 503
1115 503
1133 504
1109 510
1104 517
1118 511
1209 496
1212 476
1223 491
1189 483
1189 472
1276 666
1226 667
1163 675
1364 765
1377 743
1390 727
1402 712
1464 693
1484 692
1504 691
1504 674
1519 686
1514 602
1499 581
1514 565
1524 570
1478 561
1479 601
1513 586
1464 574
1502 596
1499 564
1533 557
1458 554
1459 585
1480 581
1470 595
1372 595
1252 605
1276 605
1252 573
1256 564
1226 548
1298 549
1349 549
1403 548
1386 450
1395 475
1395 487
1401 499
1288 491
1288 479
1231 482
1520 716
1546 719
1567 717
1577 693
1537 675
1486 658
1426 654
1427 670
1221 860
1271 865
1300 872
1260 874
1236 874
1250 901
1277 896
1310 894
1267 892
1296 902
1293 895
1285 901
1349 805
1343 812
1397 811
1408 797
1422 777
1401 777
1447 750
1494 748
1537 750
1509 733
1471 718
1417 895
1418 880
1435 881
1432 896
1367 922
1367 922
1378 918
883 980
895 978
1003 1355
1005 1374
1005 1382
1012 1415
1008 1437
1001 1454
1012 1465
997 1448
998 1428
1000 1396
1022 1404
1032 1362
1044 1390
1043 1406
1046 1433
1041 1459
1110 1455
1115 1371
1116 1369
1116 1369
1075 1368
1110 1405
1099 1447
1132 1460
1084 1468
1108 1341
1086 1377
1108 1398
1126 1422
1084 1431
1025 1533
1009 1516
1007 1532
1017 1524
1043 1527
1043 1535
1032 1558
1033 1566
1031 1580
1038 1571
1027 1574
1029 1550
1034 1592
1154 1542
1157 1527
1157 1503
1150 1524
1153 1502
1152 1513
1157 1496
1204 1490
1201 1504
1203 1515
1205 1533
1204 1542
1200 1526
1248 1489
1245 1498
1249 1506
1247 1518
1252 1529
1245 1545
1247 1539
1121 1431
1092 1416
1081 1387
1022 1429
1027 1442
861 1328
868 1329
879 1330
1065 1316
1065 1305
1067 1295
1268 1430
1274 1407
1194 1374
1145 1384
1145 1407
1137 1441
1075 1443
1067 1458
1065 1396
965 1247
984 1247
1006 1249
1019 1251
1428 1096
1417 1101
1406 1107
1399 1112
1392 1117
1441 1087
1453 1079
1123 1392
1054 1352
1095 1358
1291 1549
1295 1523
1295 1508
1291 1498
1337 1545
1333 1533
1332 1523
1337 1511
1338 1492
1337 1507
1340 1501
1293 1536
1294 1517
1296 1490
1383 1490
1381 1499
1381 1505
1384 1512
1380 1527
1383 1520
1382 1531
1381 1540
1381 1546
1425 1488
1427 1496
1425 1499
1427 1506
1427 1513
1426 1523
1426 1530
1426 1536
1427 1543
1423 1537
1422 1545
1422 1519
1423 1507
1469 1489
1473 1498
1470 1501
1470 1502
1470 1506
1469 1513
1469 1520
1469 1530
1469 1540
1468 1545
1469 1549
1468 1535
1464 1541
1512 1490
1512 1495
1517 1495
1517 1495
1515 1506
1518 1499
1518 1518
1517 1505
1513 1528
1510 1513
1509 1528
1512 1541
1515 1548
1559 1545
1561 1531
1560 1509
1560 1494
1556 1515
1560 1503
1553 1498
1560 1489
1559 1529
1559 1520
1455 1100
1447 1105
1440 1109
1431 1113
1423 1117
1418 1123
1391 1124
1381 1124
1512 1522
1519 1536
1248 895
1268 898
