1415 292
1411 303
1424 298
1426 311
1417 316
1417 316
1402 325
1417 336
1422 325
1413 330
1413 330
1402 335
1402 335
1393 341
1393 341
1404 353
1411 352
1411 352
1406 342
1386 355
1397 366
1406 372
1406 372
1408 365
1388 365
1391 367
1388 370
1391 375
1391 375
1395 383
1395 392
1384 397
1384 397
1377 392
1377 392
1377 385
1351 386
1340 390
1340 390
1331 385
1331 385
1326 391
1326 391
1322 398
1340 402
1351 398
1351 398
1340 397
1340 397
1382 402
1371 398
1371 398
1351 424
1315 424
1324 438
1366 441
1342 431
1344 446
1313 448
1288 451
1282 442
1282 432
1288 423
1302 438
1275 423
1253 424
1257 438
1257 446
1242 456
1237 437
1391 451
1391 428
1388 416
1373 423
1335 418
1335 418
1433 291
1431 282
1375 281
1344 286
1328 290
1328 283
1360 282
1306 283
1308 288
1297 290
1297 290
1282 300
1262 327
1255 328
1255 328
1235 327
1211 328
1211 338
1206 348
1206 360
1233 361
1260 361
1288 362
1280 363
1277 354
1235 397
1208 394
1191 388
1193 373
1255 395
1186 405
1035 442
1071 450
1055 465
1035 473
1051 475
1077 475
1091 457
1086 433
1062 430
1046 426
1024 427
1024 454
1051 444
1040 458
1040 458
1011 467
1015 478
1031 487
1051 487
1068 487
1077 463
1095 447
1093 426
1080 413
1075 421
1057 417
1017 423
1015 437
1017 450
891 684
913 683
926 682
948 685
971 685
991 686
1013 685
1028 685
1044 685
1062 685
877 665
897 667
920 668
940 667
960 666
975 666
993 667
1013 666
1013 666
1031 666
1044 666
1060 667
1077 668
1095 667
1117 666
1000 1474
997 1453
1000 1436
1000 1425
1000 1403
997 1380
997 1364
997 1356
1015 1350
1017 1357
1015 1368
1015 1383
1015 1404
1015 1421
1017 1435
1017 1450
1017 1465
1033 1466
1037 1453
1037 1437
1037 1418
1040 1395
1040 1385
1037 1375
1037 1363
1037 1351
1026 1364
1026 1377
1026 1388
1026 1398
1033 1413
1002 1396
1000 1414
1037 1405
1035 1427
1028 1445
1000 1465
1013 1461
1200 655
1202 634
1193 645
1226 644
1235 656
1260 655
1268 650
1268 650
1291 644
1260 633
1257 642
1293 636
1322 641
1320 651
1304 660
1280 634
1237 634
1337 640
1355 642
1364 637
1364 637
1495 657
1502 671
1526 672
1526 684
1511 680
1502 685
1502 685
1491 691
1491 691
1468 692
1457 693
1457 693
1437 674
1437 662
1437 650
1477 656
1486 674
1468 673
1542 681
1533 690
1515 692
1288 125
1308 123
1324 128
1346 128
1360 125
1380 125
1391 128
1422 126
1408 122
1375 132
1335 123
1273 130
1035 88
1028 97
1053 114
1071 113
1086 112
1102 113
908 235
893 230
902 242
937 242
951 238
973 238
984 234
984 234
1011 233
1022 233
1026 234
1042 234
1062 235
1048 245
1028 244
1008 241
993 243
973 231
953 230
933 230
922 244
922 230
888 238
1284 602
1262 604
1244 603
1226 604
1211 605
1086 686
1097 686
1097 686
1511 750
1533 748
1542 742
1551 734
1531 735
1566 720
1571 703
1537 703
1502 790
1508 777
1473 777
1420 776
1444 757
1364 758
1382 742
1388 730
1397 721
1402 715
1402 715
1371 737
1373 753
1373 753
1360 752
1288 862
1266 861
1246 860
1226 871
1253 870
1273 868
1291 870
875 684
875 676
875 656
873 637
868 625
871 613
875 593
875 575
875 583
875 583
871 604
873 647
868 564
871 552
875 537
1086 440
1035 434
1015 317
1020 331
1031 325
1031 325
1048 328
1053 321
1055 333
1035 335
1017 340
1011 335
1011 335
1002 328
1011 321
1040 315
1073 320
1068 328
1071 338
1055 341
1048 341
1048 341
1042 331
1028 333
1022 325
1071 241
1046 238
1055 228
1073 227
1037 226
1015 224
997 227
1002 235
982 244
962 247
935 235
926 238
926 238
908 227
877 232
884 245
1302 128
1286 130
1271 122
1282 284
1297 280
1326 301
1317 281
1413 280
1424 287
1446 286
1446 280
1446 300
1428 303
1431 337
1404 317
1393 331
1373 333
1375 322
1380 312
1386 291
1386 301
1324 321
1322 326
1320 327
1300 326
1280 313
1304 370
1304 364
1304 364
1308 358
1308 358
1313 347
1315 338
1302 393
1300 398
1268 456
1326 457
1351 457
1373 453
1393 442
1417 455
1284 612
1304 608
1315 612
1315 612
1333 604
1313 594
1304 601
1291 595
1275 594
1231 601
944 224
880 227
892 612
904 611
916 611
929 612
948 613
964 612
971 680
957 680
940 680
898 681
894 663
913 663
945 662
926 665
1001 665
984 664
1003 680
1016 681
1024 682
1036 680
1045 680
1053 681
1065 683
1077 683
1093 682
1112 685
1106 666
1087 664
1073 664
1061 664
1053 664
1037 663
1026 665
975 612
985 612
995 612
1006 612
1019 612
1036 612
1049 612
1059 611
1075 612
1091 612
1104 612
1122 612
1220 633
1214 639
1218 653
1209 650
1264 574
1258 566
1256 562
1281 560
1298 558
1311 561
1312 575
1304 568
1310 575
1328 600
1324 602
1324 603
1349 609
1353 595
1335 589
1335 595
1260 580
1254 575
1217 547
1230 546
1241 550
1241 550
1244 546
1227 552
1221 546
1291 550
1290 546
1301 547
1304 550
1349 550
1358 548
1345 545
1343 548
1343 548
1398 549
1396 545
1407 546
1409 548
1409 548
1417 550
1347 508
1334 506
1323 507
1298 509
1286 508
1273 510
1259 509
1242 507
1242 493
1230 499
1233 488
1230 480
1222 488
1214 494
1212 496
1217 501
1214 484
1221 471
1228 475
1271 469
1254 467
1242 467
1291 467
1308 469
1322 468
1333 468
1348 469
1338 475
1340 485
1340 489
1344 497
1289 543
1277 543
1266 542
1251 542
1252 550
1217 550
1209 557
1192 557
1184 562
1179 567
1168 559
1175 552
1163 619
1164 610
1168 618
1179 603
1186 614
1185 634
1180 651
1171 655
1174 646
1189 657
1157 674
1361 764
1370 764
1366 749
1493 664
1489 666
1489 666
1484 662
1489 651
1420 656
1422 668
1427 675
1443 691
1434 692
1431 687
1438 684
889 588
895 588
905 588
922 588
929 588
944 590
954 589
968 588
979 588
992 588
1011 588
1030 589
1042 589
1051 589
1061 588
1070 589
1085 588
1102 589
870 651
869 658
869 668
871 679
817 611
817 616
837 615
829 612
823 617
838 617
847 614
871 542
872 529
1032 478
1026 472
1040 468
1051 473
1044 478
1062 483
1063 471
1086 467
1086 484
1077 490
1072 479
1118 502
1147 503
1152 512
1133 506
1119 510
1480 695
1479 688
1009 954
1013 954
1023 956
1035 954
1043 955
1055 954
1063 954
1068 948
1053 946
1040 945
1022 948
1016 945
1010 946
1008 925
1016 925
1029 924
1038 923
1050 921
1052 925
1064 926
1072 926
1179 1018
1179 1013
1181 1005
1173 1003
1193 1004
1203 1004
1205 1010
1204 1015
1194 1019
1210 1020
1217 1020
1214 1004
1223 1004
1229 1004
1228 1009
1228 1015
1228 1023
1229 1030
1229 1038
1230 1046
1220 1048
1208 1047
1205 1040
1204 1035
1155 1033
1165 1033
1174 1033
1183 1034
1192 1033
1179 1039
1179 1044
1180 1048
1180 1053
1180 1057
1170 1048
1158 1047
1154 1048
1151 1054
1152 1040
1151 1026
1152 1019
1151 1010
1151 1003
1164 1003
1164 1019
995 992
1004 992
1018 992
1029 992
1040 992
1035 995
1021 996
1009 996
997 999
1002 1007
1017 1004
1017 1014
1015 1023
1024 1020
1042 1017
1043 1023
1053 1030
1044 1036
1026 1042
1027 1036
1015 1032
1001 1032
1000 1038
999 1044
1013 1042
1037 1041
1049 1045
1060 1034
1032 1006
1039 1001
1015 902
996 907
1003 893
1015 898
1017 878
1012 871
1022 859
1012 855
1031 859
1020 864
1032 842
1037 858
1046 843
1042 835
1026 835
1009 836
883 971
890 971
898 971
905 791
910 791
915 791
922 791
1158 1089
1168 1088
1182 1090
1196 1089
1184 1095
1184 1100
1211 1101
1210 1095
1208 1090
1221 1089
1228 1090
1242 1047
1250 1046
1254 1041
1254 1032
1252 1025
1252 1017
1251 1010
1251 1005
1239 1004
1231 860
1237 866
1260 860
1262 864
1277 861
914 1205
923 1205
929 1205
935 1203
916 1202
923 1203
927 1197
925 1190
922 1191
922 1191
921 1193
929 1193
934 1197
942 1195
945 1202
948 1195
952 1201
948 1206
954 1208
954 1206
977 1204
975 1209
975 1214
977 1219
977 1223
978 1228
978 1193
977 1183
977 1176
977 1170
977 1162
946 1145
946 1154
948 1161
954 1158
954 1152
880 1295
885 1295
891 1296
880 1289
887 1289
1067 1312
1067 1306
1066 1299
1067 1291
1065 1285
1070 1321
1076 1321
1093 1268
1103 1269
1110 1270
1116 1269
1132 1268
1142 1269
1153 1269
1156 1235
1155 1229
1156 1226
1185 1226
1187 1229
1187 1232
1185 1235
1096 1226
1096 1216
1094 1208
1094 1198
1094 1190
1095 1183
1094 1178
1066 1197
1073 1197
1082 1196
1064 1210
1063 1203
1053 1209
1043 1210
1037 1211
1037 1217
1037 1224
1060 1226
1064 1217
1162 1268
1177 1268
1186 1269
1197 1269
1208 1271
1197 1268
1170 1271
1125 1268
1409 1026
1369 987
1375 1003
1384 1006
1393 991
1382 995
1392 1005
1402 1003
1407 995
1408 979
1390 979
1391 984
1405 986
1416 1044
1412 1035
1406 1035
1403 1026
1409 1017
1418 1021
1380 1122
1390 1124
1405 1124
1417 1122
1432 1123
1425 1118
1432 1112
1438 1110
1400 1110
1392 1116
1395 1111
1410 1104
1416 1102
1426 1096
1434 1092
1443 1087
1442 1123
1397 1100
1404 1095
828 1409
830 1413
830 1420
836 1420
842 1417
840 1414
836 1410
834 1417
828 1472
828 1466
827 1461
835 1461
834 1465
833 1470
842 1471
842 1466
843 1461
868 1327
875 1327
880 1328
871 1329
894 1390
894 1395
897 1392
893 1407
893 1411
896 1413
899 1409
935 1502
946 1502
955 1502
962 1503
985 1473
988 1452
988 1438
987 1421
985 1400
981 1383
982 1367
985 1353
997 1373
865 1321
866 1318
866 1312
866 1304
1066 1294
1066 1317
1044 1359
1026 1354
1026 1349
993 1348
1002 1350
1003 1356
1004 1363
898 1395
896 1406
893 1432
894 1437
894 1440
894 1489
894 1485
894 1482
894 1480
986 1488
1003 1487
1015 1487
1025 1487
1060 1488
1081 1489
1089 1489
1072 1488
1024 1474
1038 1490
1038 1461
1026 1457
1093 1321
1093 1315
1093 1307
1093 1299
1093 1294
1107 1266
1089 1266
1098 1267
934 736
936 739
941 737
945 739
944 734
948 735
938 733
929 738
919 772
908 776
908 774
908 774
916 773
922 776
926 772
912 775
969 743
970 749
969 753
971 745
968 767
969 771
970 777
968 781
971 784
968 760
969 756
969 756
975 749
940 741
