1313 1239
1342 1227
1371 1206
1413 1206
1453 1207
1482 1174
1488 1126
1533 1080
1560 1020
1520 1091
1553 1119
1575 1082
1564 1057
1533 1052
1537 1025
1557 993
1582 963
1586 931
1562 976
1571 954
1584 1011
1584 1040
1551 1045
1506 1073
1468 1111
1511 1111
1557 1096
1542 1157
1555 1197
1544 1210
1484 1226
1535 1239
1497 1203
1517 1182
1442 1189
1391 1180
1411 1161
1442 1162
1446 1115
1366 1235
1397 1224
1442 1241
1453 1222
1420 1189
1351 1213
1444 1142
1404 12
1444 65
1466 90
1508 126
1540 154
1553 110
1522 40
1555 75
1562 40
1517 20
1497 36
1508 62
1531 60
1446 11
1442 40
1464 40
1446 26
1415 27
1573 153
1520 86
1573 20
1081 216
1096 211
1114 204
1132 198
1143 195
1152 191
1162 188
1171 185
1181 180
1191 175
1208 169
1225 167
1240 159
1256 153
1268 147
1284 143
1300 138
1312 133
1323 127
1342 119
1355 115
1364 109
1364 96
1362 88
1381 86
1391 96
1382 102
1401 104
1399 89
1378 95
1335 62
1329 44
1323 30
1323 20
1337 20
1345 30
1344 38
1355 44
1362 54
1370 62
1358 65
1344 52
1343 52
1325 39
1333 34
1311 17
912 22
929 22
938 22
951 21
965 21
975 21
986 21
1000 21
1015 21
1030 20
1039 22
1054 21
1067 21
1078 21
1091 22
1102 20
1117 22
1128 21
1142 20
1160 22
1183 33
1161 33
1143 33
1130 33
1117 33
1096 34
1084 34
1062 35
1041 35
1030 35
1015 35
1004 36
989 35
975 34
964 34
950 35
939 35
925 34
915 31
909 10
889 39
886 33
890 23
894 19
899 31
899 39
889 28
899 24
896 13
850 34
864 34
872 34
857 44
986 217
986 227
987 235
988 240
987 246
988 249
988 249
988 255
1005 256
1017 256
1031 257
1046 257
1038 258
1055 257
1069 259
1077 257
1090 256
1090 256
1095 257
1105 255
1118 260
1104 260
1117 257
1133 254
1142 258
1156 258
1174 259
1186 258
1197 258
1211 259
1224 258
1168 255
1130 258
1191 252
1189 247
1189 243
1186 234
1186 228
1170 230
1150 229
1138 229
1128 230
1114 230
1100 229
1085 230
1083 230
1069 230
1052 230
1044 230
1032 230
1012 230
1003 231
1005 217
1018 217
1026 215
1407 120
1384 126
1369 133
1359 138
1340 144
1320 151
1301 156
1290 160
1278 165
1265 169
1251 174
1242 177
1228 182
1228 182
1213 186
1200 190
1196 194
1182 198
1172 198
1167 202
1156 204
1138 212
1131 212
1121 216
997 244
1009 245
1023 245
1032 245
1039 245
1051 244
1062 244
1071 244
1083 245
1097 244
1112 244
1127 245
1147 245
1171 244
1206 245
1225 245
1230 244
1234 244
1248 244
1258 244
1242 261
1258 258
1277 260
1295 259
1165 218
1177 212
1189 208
1198 207
1429 128
1418 133
1412 138
1395 144
1377 150
1357 158
1336 161
1326 167
1304 172
1294 175
1287 179
1277 180
1269 184
1263 187
1263 187
1253 189
1235 194
1225 198
1206 202
1022 231
1010 225
1012 252
959 260
958 251
968 256
967 250
954 236
966 230
968 233
968 233
911 244
922 244
931 244
912 256
923 255
929 256
929 256
1424 149
1438 144
1406 155
1393 160
1380 162
1366 168
1353 171
1338 179
1327 180
1311 186
1295 190
1278 194
1259 200
1243 204
1227 209
1212 214
1446 157
1430 162
1421 166
1405 171
1391 174
1373 180
1353 185
1338 189
1320 194
1301 200
1283 207
1264 210
1248 215
1449 183
1428 189
1408 194
1392 198
1376 203
1359 208
1337 214
1323 218
1286 216
1301 212
1312 210
1329 206
1348 200
1364 195
1380 191
1401 185
1418 180
1432 175
1452 171
1471 190
1451 194
1432 199
1414 204
1392 211
1369 216
1402 218
1417 215
1432 211
1447 208
1463 203
1083 69
1094 74
1091 86
1094 98
1097 106
1100 115
1104 127
1105 113
1106 120
1091 122
1097 129
1109 130
1102 97
1089 102
1090 110
1085 85
1085 79
1096 81
1098 91
1089 92
1095 68
1083 75
856 187
865 187
873 187
883 187
892 187
900 187
908 186
917 186
923 186
923 186
932 186
939 186
952 187
964 187
971 187
980 187
987 187
994 187
857 177
868 177
875 178
885 177
890 177
890 177
899 176
908 178
921 178
929 177
936 178
946 176
955 177
969 177
852 156
861 155
875 155
887 155
897 156
904 154
914 154
924 154
937 155
946 155
958 154
852 162
853 167
853 172
853 180
1365 664
1371 658
1371 653
1373 644
1373 634
1375 626
1379 614
1381 604
1384 591
1387 568
1393 548
1393 539
1393 516
1395 502
1399 486
1409 487
1447 487
1473 486
1495 486
1505 487
1526 489
1543 487
1563 488
1445 536
1447 548
1443 559
1442 567
1437 575
1437 585
1438 596
1434 606
1430 616
1428 625
1425 637
1424 646
1421 655
1419 664
1407 668
1390 668
1380 579
1391 576
1392 584
1379 595
1386 598
1383 559
1397 581
1399 528
1408 517
1404 508
1394 510
1393 493
1426 493
1428 486
1442 484
1459 483
1457 490
1438 496
1482 494
1487 484
1498 491
1514 484
1516 493
1550 493
1553 485
1576 485
1572 492
1586 494
1588 484
1583 536
1582 544
1581 557
1577 562
1575 570
1573 581
1571 589
1569 598
1570 606
1566 613
1564 624
1561 635
1552 650
1552 659
1551 669
1529 671
1515 670
1502 669
1487 671
1478 668
1466 670
1459 662
1468 653
1438 669
1425 669
1396 563
1394 557
1386 553
1386 538
1388 519
1403 521
1386 534
1413 534
1425 534
1441 534
1442 545
1448 540
1459 534
1477 534
1492 533
1507 534
1535 493
1529 484
1384 620
1375 619
1364 643
1377 638
1384 627
1383 618
1375 619
1363 647
1360 658
1358 668
1377 664
1379 668
1463 647
1469 639
1473 636
1540 534
1527 534
1550 534
1564 534
1578 551
1534 541
1536 546
1530 548
1536 551
1528 557
1531 560
1526 566
1532 569
1525 574
1531 576
1524 584
1530 587
1522 594
1518 610
1517 616
1516 624
1515 632
1513 641
1512 651
1509 657
1503 664
1509 658
1566 669
1580 669
1592 669
1596 661
1519 752
1517 743
1520 733
1535 728
1541 731
1532 749
1537 751
1546 748
1564 742
1540 752
1553 754
1531 711
1523 705
1526 712
1537 707
1537 699
1540 692
1549 694
1547 701
1562 699
1562 693
1573 694
1575 698
1584 694
1582 699
1371 792
1374 788
1378 780
1380 772
1381 769
1385 762
1387 756
1390 747
1394 741
1386 735
1383 729
1386 726
1398 737
1413 737
1425 739
1445 744
1445 751
1441 755
1437 758
1423 755
1412 757
1393 775
1399 778
1410 778
1419 778
1426 779
1435 764
1440 775
1450 778
1466 780
1480 783
1484 790
1470 795
1449 795
1417 794
1403 794
1393 794
1180 649
1181 639
1180 634
1173 634
1485 794
1484 781
1486 771
1489 764
1491 756
1479 757
1457 755
1441 755
1507 786
1501 790
1511 794
1516 788
1529 736
1541 738
1539 743
1527 727
1524 718
1487 542
1489 548
1491 556
1484 557
1487 568
1489 561
1481 566
1482 577
1489 576
1483 590
1487 582
1476 592
1482 595
1475 603
1478 608
1470 615
1478 622
1471 624
1474 626
1473 631
1466 632
1470 646
1460 654
1466 660
1524 602
1517 637
1508 647
1559 643
1554 639
1557 631
1561 627
1560 619
1561 608
1535 865
1543 864
1545 846
1552 850
1564 853
1573 834
1559 837
1549 838
1550 826
1558 827
1564 812
1570 801
1574 787
1582 789
1591 790
1577 800
1569 805
1582 813
1569 817
1563 825
1567 833
1552 831
1539 854
1546 854
1543 857
1527 861
1329 796
1326 807
1335 808
1337 801
1350 802
1360 803
1350 806
1362 808
1372 804
1382 794
1389 800
1388 807
1400 807
1405 803
1414 807
1423 799
1441 803
1438 794
1461 795
1499 795
1504 804
1516 806
1506 810
1465 806
1493 815
1452 814
1439 815
1428 816
1418 815
1398 816
1385 814
1375 816
1363 813
1359 814
1368 827
1377 831
1388 836
1401 840
1410 843
1416 847
1422 850
1431 853
1440 859
1454 864
1458 870
1473 870
1484 871
1493 869
1496 870
1496 871
1456 880
1472 866
1449 902
1451 898
1443 894
1430 910
1430 917
1436 917
1438 910
1173 959
1176 963
1183 967
1194 979
1203 987
1209 991
1218 998
1218 998
1241 1011
1249 1019
1262 1028
1267 1032
1279 1044
1289 1054
1305 1067
1317 1078
1327 1087
1314 1091
1285 1088
1272 1073
1259 1063
1276 1060
1239 1084
1250 1070
1235 1072
1207 1078
1202 1070
1188 1058
1181 1071
1198 1087
1205 1094
1196 1096
1183 1097
1173 1099
1166 1089
1158 1075
1140 1053
1133 1055
1141 1063
1160 1064
1143 1034
1123 1026
1120 1021
1107 1029
1110 1034
1124 1037
1151 988
1158 978
1164 977
1159 968
1158 986
1186 957
1203 956
1215 961
1219 971
1234 992
1258 1006
1300 1107
1330 1103
1342 1108
1352 1109
1199 1131
1206 1117
1208 1122
1218 1125
1226 1124
1231 1131
1491 1014
1479 1004
1473 998
1467 995
1460 990
1455 987
1448 984
1437 976
1431 975
1422 967
1413 961
1404 961
1397 953
1390 950
1382 944
1373 939
1367 935
1353 935
1335 934
1321 935
1309 933
1289 934
1279 934
1475 1042
1458 1030
1439 1016
1423 1005
1408 996
1393 986
1383 979
1371 971
1360 962
1349 958
1337 951
1326 945
1319 940
1310 935
1360 1090
1341 1076
1295 1075
1296 1083
1262 1088
1259 1097
1273 1101
1280 1093
1176 1062
1188 1081
1151 983
1323 801
1344 795
1482 851
1475 848
1456 848
1437 849
1401 833
1411 834
1423 833
1439 834
1425 827
1417 824
1349 814
1485 808
1477 805
1456 803
1441 808
1428 806
1526 745
1547 726
1453 991
1422 970
1422 970
1413 965
1346 1091
1356 1078
1335 1065
1316 1040
1294 1026
1278 1019
1269 1016
1229 1003
1210 977
1201 969
1194 1075
1173 1064
1148 1071
1117 1030
1304 1096
1289 1103
1317 1102
1323 1109
1347 1095
1328 1068
1315 1053
1296 1039
1277 1019
1362 1004
1348 999
1337 993
1330 985
1323 980
1312 973
1304 968
1298 962
1286 956
1278 952
1269 946
1263 941
1254 934
1449 1060
1440 1052
1429 1045
1418 1038
1408 1031
1399 1024
1388 1017
1376 1010
1369 1003
1358 997
1350 990
1343 985
1333 978
1324 973
1317 967
1308 961
1299 956
1448 877
1443 899
1218 982
1526 740
1484 777
1430 787
1433 773
1343 804
1244 1112
1231 1099
1209 1084
1187 1088
1153 1067
1144 1060
584 735
595 734
610 734
617 734
624 734
624 734
634 734
645 734
654 734
662 734
669 734
682 734
690 734
699 735
708 734
719 734
727 734
734 735
745 734
749 734
758 734
764 734
764 734
772 734
782 734
879 727
868 727
858 727
847 727
836 727
827 727
819 727
812 727
812 727
807 727
807 727
795 727
788 727
779 726
772 726
772 726
762 726
753 726
747 726
747 726
738 726
725 726
714 726
704 726
694 726
685 726
677 726
668 725
659 725
651 725
645 725
645 725
632 725
625 725
625 725
619 725
619 725
604 725
602 740
577 738
573 732
562 730
559 734
554 731
582 728
582 724
584 719
584 712
578 709
511 827
519 827
530 832
539 834
549 837
563 842
549 844
530 838
523 843
508 842
498 842
840 777
850 773
858 770
858 773
867 772
871 771
871 771
877 773
877 773
885 771
894 772
902 773
908 773
915 771
923 772
929 773
929 773
940 771
945 774
945 774
971 770
972 773
983 774
988 771
988 771
998 773
1005 775
1006 775
1011 771
1024 772
1027 761
1018 760
1005 761
993 761
985 761
973 761
962 761
954 762
944 762
934 762
927 761
911 762
899 761
886 762
875 762
863 762
853 762
836 801
838 795
842 786
834 807
833 812
828 823
828 829
828 835
823 841
823 848
819 859
819 862
819 862
818 868
816 872
866 460
877 465
873 470
895 471
906 470
899 464
899 464
906 458
890 456
885 460
907 468
923 473
947 423
947 420
946 414
945 406
953 405
953 412
953 424
906 411
898 411
886 411
879 411
867 411
862 411
860 411
851 411
841 412
832 411
823 412
814 411
769 398
776 398
786 398
798 397
801 395
801 395
816 395
816 401
824 399
832 397
844 398
849 397
849 397
862 398
869 399
876 399
893 401
906 399
805 395
776 393
768 394
536 829
853 488
853 502
851 516
850 530
850 542
1001 489
999 503
997 516
996 529
996 543
997 538
997 523
997 510
999 495
821 551
833 553
849 553
855 553
856 553
871 553
882 553
893 553
908 553
925 553
937 553
953 552
967 552
975 552
993 553
1002 553
1012 552
993 562
990 564
990 565
990 571
990 577
990 581
986 588
986 594
985 603
984 610
983 618
980 623
981 632
981 641
979 645
976 655
976 660
973 667
658 495
659 488
672 490
641 347
632 347
625 347
625 347
441 347
860 784
873 784
881 785
889 785
895 783
823 488
821 502
820 516
819 529
819 541
821 558
820 564
819 568
819 575
820 580
819 586
816 592
814 602
814 608
814 615
812 621
812 629
808 639
808 651
808 656
806 662
805 667
794 667
873 456
789 309
798 310
806 310
812 310
812 310
818 310
818 310
823 311
828 310
828 310
836 310
844 309
849 309
850 309
855 310
855 310
862 310
862 310
877 310
886 311
897 310
907 310
816 1130
828 1131
839 1129
852 1131
861 1131
872 1130
883 1130
899 1131
908 1131
789 1141
791 1150
789 1159
787 1171
783 1183
774 1195
768 1202
762 1216
756 1224
813 1245
817 1237
824 1225
828 1215
834 1211
842 1203
846 1188
841 1174
836 1164
797 1109
792 1101
785 1084
775 1069
762 1045
756 1035
753 1019
730 1068
728 1073
735 1071
739 1068
735 1130
746 1131
755 1131
764 1132
1015 1202
1022 1201
1028 1204
1036 1201
1043 1204
1048 1202
1056 1204
1059 1202
1069 1204
1075 1200
1084 1204
1090 1201
1097 1202
1095 1219
1085 1219
1077 1218
1069 1218
1064 1219
1056 1219
1045 1219
1034 1218
1024 1218
1014 1218
1028 1223
1027 1226
1030 1230
1032 1234
1035 1238
1037 1243
921 1215
924 1211
926 1208
931 1201
934 1198
936 1194
937 1192
944 1170
950 1167
948 1172
956 1166
781 1138
787 1144
794 1163
784 1176
801 1197
803 1193
803 1184
811 1185
821 1187
819 1193
816 1196
808 1199
762 1211
754 1217
758 1220
765 1052
778 1076
788 1092
754 1026
804 1113
805 1120
808 1125
808 1131
892 1130
608 1186
608 1190
612 1191
614 1189
616 1186
620 1185
627 1185
631 1189
632 1195
630 1202
621 1202
614 1202
607 1203
605 1207
605 1212
612 1213
627 1215
632 1219
625 1220
620 1222
613 1223
608 1224
604 1224
603 1227
603 1232
605 1234
611 1234
602 1240
610 1245
605 1245
618 1194
620 1191
624 1191
635 1186
635 1191
636 1199
626 1198
622 1208
621 1212
604 1223
632 1213
608 1195
624 1188
614 1194
613 273
618 273
623 273
633 274
648 237
655 238
651 244
664 243
665 240
677 239
679 244
688 244
695 237
705 238
707 243
717 189
717 186
718 180
737 180
747 179
745 188
754 192
759 187
762 182
775 180
784 181
792 181
786 189
812 183
792 303
792 296
793 291
794 284
794 281
653 255
652 259
653 264
654 269
654 274
653 278
654 283
697 242
686 240
671 244
622 231
622 248
622 258
623 267
618 203
660 200
660 196
665 196
665 199
739 217
746 217
752 217
760 217
770 217
781 217
788 218
803 249
789 250
779 249
766 249
754 249
743 249
754 244
771 244
786 243
771 231
804 243
829 295
812 296
849 295
867 295
870 310
670 237
666 230
665 226
810 304
830 304
847 304
851 274
856 274
864 274
873 274
882 275
890 275
888 190
799 190
773 191
723 189
727 181
802 181
450 260
451 263
450 266
450 268
450 272
493 347
410 338
416 338
421 338
428 338
434 337
440 337
446 338
454 338
462 338
468 338
477 337
482 338
489 338
495 337
502 338
510 338
514 338
522 337
529 337
533 337
604 289
614 288
546 338
560 339
569 338
579 339
586 338
594 338
605 337
616 338
509 347
521 348
534 347
545 347
555 348
564 347
573 347
586 347
597 347
469 347
