1232 319
1235 319
1239 319
1243 319
1248 319
1228 336
1232 336
1237 336
1241 336
1223 354
1227 354
1231 354
1236 353
1218 369
1222 369
1226 370
1231 369
1214 387
1218 386
1223 386
1227 386
1209 402
1213 402
1217 402
1221 403
1263 401
1268 401
1274 401
1268 387
1273 387
1279 387
1272 373
1278 373
1283 373
1280 350
1284 350
1290 350
1286 340
1292 341
1288 332
1292 332
1296 332
1290 319
1296 319
1302 319
1295 305
1299 305
1303 306
1308 306
1297 296
1302 296
1306 296
1310 296
1356 291
1361 291
1366 291
1370 291
1353 301
1357 302
1362 301
1365 301
1346 323
1351 323
1354 323
1343 331
1349 331
1352 331
1341 339
1346 340
1350 340
1276 564
1277 566
1283 566
1277 576
1278 578
1284 579
1284 576
1202 614
1203 616
1211 616
1211 614
1211 614
1240 614
1247 616
1241 616
1245 614
1236 595
1237 593
1244 593
1243 595
1332 576
1332 579
1339 578
1339 576
1336 565
1330 565
1330 567
1336 568
1373 548
1383 548
1378 548
1321 547
1321 548
1328 548
1266 548
1274 547
1186 547
1195 546
1452 664
1458 664
1465 664
1457 680
1462 681
1470 680
1451 648
1458 648
1367 524
1372 524
1381 524
1387 524
1363 514
1380 514
1360 501
1367 502
1374 502
1358 492
1364 492
1371 492
1358 483
1363 483
1372 483
1368 483
1356 473
1361 474
1366 473
1370 475
1412 473
1420 473
1417 473
1417 483
1422 483
1309 474
1313 474
1319 474
1253 482
1261 484
1266 483
1309 516
1320 514
1324 514
1321 523
1330 524
1309 524
1277 524
1275 514
1213 523
1209 514
1275 533
1279 533
1318 483
1323 483
1319 492
1323 492
1318 501
1325 500
1306 502
1304 492
1303 483
1299 473
1270 492
1264 491
1275 502
1219 523
1388 577
1394 577
1429 547
1435 548
1424 492
1428 492
1178 494
1186 495
1178 484
1191 485
1191 449
1200 448
1194 439
1206 440
1197 429
1091 566
1095 566
1091 568
1118 580
1120 582
1114 581
1116 583
1098 635
1096 637
1100 636
1096 634
1096 621
1096 619
1101 620
1100 649
1097 649
1097 649
1126 635
1124 636
1125 649
1482 66
1490 67
1488 65
1488 65
1486 48
1485 46
1491 47
1534 47
1418 32
1414 33
1414 33
1412 31
1412 31
1387 33
1385 31
1387 48
1384 47
1384 47
1375 79
1371 79
1371 79
1369 76
1371 93
1366 93
1365 105
1362 105
1362 105
1395 105
1399 105
1399 105
1398 92
1439 105
1446 104
1449 92
1454 91
1456 78
1468 31
1467 33
1467 33
1466 18
1430 18
1385 18
1339 198
1345 198
1341 205
1346 205
1295 197
1284 198
1287 205
1295 205
1291 219
1299 219
1295 227
1302 227
1442 191
1423 191
1398 191
1425 197
1402 198
1426 205
1407 204
1447 197
1462 191
1486 191
1518 191
1105 161
1105 168
1105 178
1145 169
1145 161
1139 154
1120 152
1172 112
1178 112
1169 101
1200 102
1198 98
1170 86
1171 91
1167 76
1076 75
1055 74
1057 90
1059 108
1084 108
1106 108
1162 51
1180 153
1176 144
1168 204
1204 177
1185 179
1242 1139
1242 1135
1244 1148
1244 1151
1139 1167
1139 1163
1164 1139
1164 1135
1166 1124
1170 1121
1193 1111
1194 1108
1193 1097
1193 1093
1170 1095
1170 1107
1116 1190
1135 1179
1143 1189
1142 1201
1111 1215
1085 1216
1077 1219
1083 1206
1074 1193
1191 1026
1190 1011
1161 1013
1269 1095
1408 1118
1417 1113
1425 1106
1438 1101
1448 1094
1461 1087
1248 1177
1247 1165
1221 1162
1198 1165
1165 1189
1165 1178
1167 1165
1167 1151
1196 1124
1219 1121
1220 1108
1215 1093
1472 1101
1461 1107
1452 1112
1438 1119
1240 1024
1216 1027
1215 1008
1241 1012
1241 1012
1262 1012
1290 1009
1310 1015
1337 1010
1339 1027
1166 1040
1347 1191
1348 1178
1348 1163
1347 1150
1345 1134
1344 1123
1295 1148
1292 1137
1271 1151
1267 1136
1269 1217
1271 1203
1348 1219
1376 1221
1377 1203
1181 1493
1178 1507
1180 1500
1178 1524
1181 1516
1226 1501
1222 1493
1271 1500
1314 1501
1312 1492
1361 1493
1311 1516
1495 1499
1540 1500
1583 1517
1582 1500
1449 1517
1362 1517
1228 1539
1226 1524
1359 1501
1411 1500
1411 1500
1401 826
1408 826
1402 820
1408 820
1404 831
1440 820
1440 826
1440 832
1405 842
1411 842
1440 842
1442 848
1410 849
1443 855
1408 855
1408 865
1410 871
1415 872
1438 865
1447 865
1504 831
1503 822
1499 707
1506 707
1495 713
1502 713
1489 723
1495 722
1484 729
1490 729
1475 737
1480 738
1470 744
1476 743
1461 752
1468 752
1459 758
1465 758
1450 766
1456 766
1446 772
1453 772
1439 780
1445 780
1434 785
1518 738
1527 738
1532 722
1541 723
1540 713
1550 713
1547 707
1555 707
1505 753
1512 752
1514 743
1520 743
1494 766
1499 766
1530 822
1529 830
1535 821
1535 831
1507 794
1515 794
1520 780
1528 780
1529 772
1536 772
1535 766
1535 766
1543 766
1426 794
1434 794
1441 785
1423 799
1431 798
1416 806
1423 806
1447 871
1471 853
1470 844
1500 844
1507 844
1504 829
1503 820
1527 822
1524 821
1526 831
1543 758
1551 758
1551 758
1414 865
1038 401
1045 401
1039 394
1043 394
1037 387
1043 387
1086 1318
