1235 319
1241 319
1247 319
1231 337
1237 337
1225 354
1232 354
1220 369
1227 370
1292 319
1298 319
1298 306
1306 306
1300 297
1307 297
1278 191
1292 191
1280 198
1293 198
1283 204
1295 204
1286 218
1302 219
1290 226
1304 225
1292 232
1304 233
1378 67
1373 79
1367 94
1362 104
1398 105
1385 48
1387 33
1415 33
1452 33
1485 49
1482 66
1297 248
1312 249
1296 254
1312 256
1290 332
1297 332
1358 291
1366 291
1355 303
1363 302
1347 323
1356 323
1344 332
1352 332
1342 340
1350 339
1336 351
1347 351
1328 373
1337 373
1273 373
1282 373
1282 351
1291 351
1292 341
1053 75
1055 80
1057 86
1056 90
1077 76
1077 81
1081 86
1078 91
1100 76
1418 78
1424 67
1451 79
884 213
884 204
1167 80
1164 68
1164 168
1127 168
885 527
885 530
892 528
892 531
884 539
883 542
891 540
884 553
892 553
885 564
896 563
886 673
891 673
914 673
921 673
943 673
948 673
943 660
999 660
992 673
1022 674
1026 660
1045 674
1049 660
1070 673
1095 673
1099 660
1120 674
888 617
888 623
897 617
897 622
913 552
916 556
969 619
967 622
942 633
949 637
949 633
944 636
914 619
914 623
924 618
923 623
913 578
924 578
913 564
921 569
842 595
835 584
846 583
849 590
964 635
977 636
916 634
916 637
921 634
923 637
1454 707
1459 707
1465 707
1470 707
1450 711
1456 711
1461 711
1467 711
1448 715
1454 715
1459 715
1457 682
1456 679
1461 680
1468 682
1451 663
1452 666
1457 664
1462 664
1466 665
1449 648
1455 649
1458 648
1462 649
1496 708
1500 707
1505 708
1511 707
1442 723
1448 723
1452 722
1437 726
1444 726
1450 727
1436 730
1440 730
1447 730
1482 723
1489 723
1496 723
1488 713
1496 714
1501 714
1456 753
1461 753
1469 753
1463 744
1469 745
1477 745
1468 738
1473 738
1479 739
1486 739
1477 729
1482 729
1488 729
1499 753
1505 753
1511 753
1517 753
1506 744
1513 744
1519 744
1527 745
1512 738
1517 738
1522 739
1528 739
1524 730
1529 729
1535 730
1529 723
1534 723
1534 723
1541 723
1536 714
1542 714
1547 714
1541 707
1547 707
1554 707
1587 707
1595 707
1582 714
1588 715
1595 714
1574 723
1580 723
1588 724
1568 729
1574 729
1581 729
1559 739
1565 739
1571 739
1552 744
1559 745
1566 745
1544 753
1550 753
1555 753
1452 759
1455 759
1462 759
1467 758
1495 759
1502 759
1509 759
1443 767
1448 767
1455 767
1442 773
1450 773
1455 773
1428 786
1434 786
1440 786
1531 767
1538 768
1545 768
1539 759
1548 759
1553 759
1489 767
1493 767
1501 767
1481 773
1488 772
1497 773
1475 781
1481 781
1488 781
1470 786
1475 786
1480 786
1433 781
1439 781
1445 781
1423 795
1428 794
1435 795
1420 799
1427 800
1432 800
1413 807
1421 808
1408 812
1416 812
1463 795
1469 795
1478 795
1410 827
1441 826
1444 833
1413 842
1402 843
1403 849
1414 848
1401 832
1411 832
1398 826
1337 827
1473 832
1464 831
1473 823
1463 823
1505 832
1502 823
1441 843
1442 849
1459 800
1471 800
1467 799
1455 807
1462 807
1452 812
1456 812
1448 812
1433 738
1438 738
1528 831
1525 822
1520 780
1526 781
1532 781
1528 773
1534 773
1540 773
1506 795
1512 795
1519 795
1319 547
1266 547
1272 549
1272 547
1267 549
1186 547
1194 548
1191 547
1328 548
1324 547
1374 548
1381 549
1378 548
1334 567
1334 577
1339 577
1330 566
1209 515
1215 515
1220 515
1210 524
1215 524
1221 524
1212 533
1219 533
1262 533
1266 533
1272 533
1279 533
1259 523
1265 524
1274 524
1258 514
1266 515
1256 501
1262 502
1255 492
1177 496
1186 495
1367 516
1381 515
1368 525
1384 525
1319 534
1330 534
1315 524
1330 525
1318 515
1241 594
1242 615
1206 616
1202 594
912 539
913 544
922 539
922 545
942 539
947 542
938 606
946 607
944 604
941 593
938 596
944 596
966 594
990 594
990 605
997 607
977 621
942 619
941 623
950 620
950 620
951 623
992 619
995 623
993 634
1023 635
1019 619
1019 623
1013 566
1017 568
1010 537
1013 543
1020 538
992 539
991 543
997 541
966 542
963 539
972 538
835 594
851 599
1176 1493
1181 1493
1175 1501
1184 1502
1176 1509
1186 1508
1176 1515
1184 1515
1175 1531
1219 1507
1220 1516
1232 1517
1229 1524
1185 1539
1177 1540
1227 1530
1217 1531
1270 1546
1270 1540
1269 1531
1309 1547
1313 1540
1313 1531
1314 1523
1314 1517
1312 1507
1313 1501
1312 1493
1361 1493
1352 1546
1360 1540
1360 1532
1401 1494
1400 1501
1400 1508
1402 1517
1402 1526
1400 1531
1399 1540
1449 1494
1447 1501
1449 1510
1446 1518
1446 1527
1446 1539
1446 1532
1489 1517
1488 1525
1486 1509
1495 1500
1490 1494
988 1193
991 1196
997 1196
989 1185
989 1185
990 1183
991 1182
1044 1184
1051 1182
1042 1171
1050 1169
1163 1081
1169 1084
1164 1096
1172 1095
1194 1095
1319 1165
1320 1177
1294 1178
1077 1219
1234 993
1438 1101
1427 1107
1418 1113
1408 1119
1447 1095
