1459 601
1459 605
1466 564
1466 569
1416 603
1411 619
1410 622
1407 637
1406 640
1406 642
1440 655
1443 661
1447 657
1438 658
1484 657
1491 657
1481 661
1487 661
1500 625
1500 621
1495 619
1494 623
1509 570
1509 564
1512 568
1552 552
1552 546
1559 546
1560 550
1554 541
1561 540
1508 540
1517 540
1462 540
1469 540
1452 595
1464 595
1457 620
1457 624
1452 640
1452 643
1440 649
1447 650
1437 662
1482 656
1569 656
1569 660
1577 659
1578 657
1541 607
1544 601
1547 601
1547 601
1547 606
1496 615
1502 615
1536 651
1539 625
1542 621
1544 624
1543 613
1583 624
1585 620
1586 614
1425 524
1433 524
1444 524
1458 523
1473 524
1479 525
1484 512
1474 512
1470 503
1484 502
1438 512
1424 513
1424 505
1437 503
1515 502
1530 503
1535 504
1525 514
1526 510
1527 523
1552 527
1556 520
1562 522
1570 526
1577 517
1561 500
1579 502
1558 512
1571 510
1520 507
1399 763
1400 767
1404 766
1407 764
1414 764
1419 765
1421 764
1423 767
1410 767
1405 749
1408 748
1417 749
1427 748
1431 750
1434 746
1413 751
1423 751
1421 747
1459 747
1465 748
1470 750
1460 751
1472 752
1478 751
1451 763
1450 767
1461 766
1460 763
1466 762
1470 763
1469 766
1476 767
1479 764
1468 784
1465 788
1457 788
1452 788
1447 788
1442 788
1441 784
1448 784
1452 783
1458 783
1390 783
1396 783
1401 783
1405 783
1411 783
1416 783
1413 787
1401 787
1395 787
1389 788
1498 779
1503 780
1510 779
1516 779
1522 780
1504 767
1511 767
1517 767
1521 767
1508 757
1516 759
1519 759
1525 759
1391 828
1394 828
1400 828
1405 828
1409 828
1427 843
1433 844
1430 841
1442 842
1447 844
1496 829
1504 829
1511 831
1516 828
1558 863
1568 843
1573 841
1441 829
1451 829
1456 829
1462 828
837 499
837 503
842 503
843 499
837 514
838 516
840 517
840 517
842 513
836 527
836 532
839 530
839 530
837 543
837 540
898 506
900 502
929 500
928 485
929 514
926 530
926 545
955 543
955 529
955 514
954 514
959 517
954 502
959 504
955 485
959 490
985 485
989 490
1015 485
1017 490
1007 500
1015 504
1016 502
985 499
988 504
980 503
980 503
984 514
981 518
987 518
985 527
979 532
985 531
984 543
977 540
979 545
797 454
822 458
828 457
803 458
796 467
802 468
785 431
790 431
786 420
792 421
785 414
791 413
811 420
828 444
825 442
825 442
799 445
804 445
822 468
828 468
847 467
852 467
873 444
848 444
852 455
848 457
848 457
886 431
864 432
861 422
887 420
839 421
839 431
813 431
1013 517
858 611
860 599
862 584
865 581
864 567
865 570
803 567
810 567
803 573
804 580
809 580
807 518
809 513
795 642
854 635
854 639
968 650
961 652
966 638
969 640
970 640
999 625
997 623
997 623
1030 600
1030 594
1031 585
1033 581
1033 573
1033 567
1037 559
1006 558
980 558
950 559
920 558
892 558
864 558
807 557
803 593
805 587
802 601
800 606
800 613
799 621
808 503
872 503
870 487
868 513
875 500
877 489
867 527
869 531
865 543
870 543
970 623
969 627
1002 612
1003 599
1005 584
1007 571
1055 623
1053 627
697 729
716 730
736 730
757 729
777 730
716 721
698 721
738 721
777 722
774 745
712 743
927 518
900 518
1040 542
1038 546
1042 533
1039 527
1040 518
1039 513
1040 505
1041 500
1043 490
1028 609
1023 614
976 585
975 596
972 587
973 567
981 568
953 571
920 570
892 569
892 542
897 528
899 487
803 545
804 540
837 558
836 566
836 573
833 580
832 587
834 593
826 621
825 647
823 653
988 663
962 662
932 663
905 663
878 662
849 662
821 662
792 662
794 653
795 647
853 649
850 652
1019 663
1044 664
1050 654
1050 650
1019 650
1021 654
992 653
992 650
996 637
994 640
1050 641
1053 636
1021 636
1021 641
1023 627
1026 623
1056 614
1057 609
1059 600
1059 600
1059 594
1060 586
1060 581
1061 572
1062 567
1062 559
1068 541
1068 532
917 582
919 585
947 582
950 585
949 597
944 596
944 601
942 608
941 612
944 626
940 623
936 636
941 639
935 650
940 651
908 636
913 640
904 649
909 653
875 649
881 653
798 730
799 722
836 731
836 722
865 765
862 778
890 778
893 766
922 765
918 778
946 778
947 765
973 765
972 778
1001 766
1000 779
1027 779
1030 767
876 743
868 738
897 756
865 755
944 756
951 756
917 756
923 756
972 756
981 757
1000 756
1026 756
997 235
1001 239
1022 237
1050 237
1076 238
1098 238
1098 238
1124 238
1149 237
1174 238
1199 238
999 250
1025 251
1052 251
1099 218
1115 212
1134 206
1156 198
1174 191
1192 184
1140 217
1161 211
1179 205
1198 198
1218 192
910 431
909 421
1035 379
1220 176
1241 168
1262 160
1293 150
1323 139
1350 130
1379 118
1402 130
1373 141
1345 150
1317 160
1317 160
1292 167
1265 176
1243 183
1130 115
1127 110
1127 103
1123 97
1118 101
1116 97
1118 110
1130 120
1121 120
1120 115
1137 115
1136 108
1135 103
925 15
946 15
972 16
1022 14
1064 15
1088 15
1115 14
928 172
908 171
1185 217
1199 211
1220 205
1243 198
1267 191
1290 184
1318 175
1340 168
1367 158
1393 150
1415 160
1390 167
1362 176
1336 184
1311 192
1380 184
1406 176
1434 169
1425 140
1427 183
951 170
398 355
397 350
447 350
481 350
481 354
515 350
516 330
501 335
516 335
632 351
607 370
621 370
633 370
648 370
663 371
663 371
608 322
619 322
635 323
648 324
662 269
661 262
663 255
745 226
662 277
661 284
677 285
677 277
678 271
677 263
691 256
691 263
691 270
689 277
678 255
689 226
616 330
633 330
650 335
803 300
666 351
666 335
705 227
891 583
890 597
890 611
884 625
917 611
