1507 347
1509 352
1510 358
1511 366
1511 372
1507 382
1510 388
1508 400
1507 407
1508 416
1506 427
1511 441
1514 448
1521 445
1526 434
1511 433
1527 424
1531 428
1518 430
1515 417
1514 421
1528 414
1525 400
1526 393
1515 393
1516 406
1527 406
1532 387
1526 380
1521 382
1521 382
1518 374
1519 362
1526 361
1522 353
1518 350
1440 292
1446 298
1450 296
1450 296
1469 291
1477 296
1487 294
1492 299
1477 304
1467 299
1458 304
1478 287
1472 284
1408 254
1408 254
1413 253
1413 253
1423 240
1428 238
1428 238
1415 238
1408 237
1407 259
1422 252
1422 237
1489 287
1511 291
1505 302
1492 305
1471 308
1459 294
1458 300
1462 289
1371 322
1353 322
1342 326
1332 326
1320 327
1307 330
1383 320
1466 387
1451 384
1447 388
1441 381
1467 411
1473 412
1452 420
1450 427
1448 439
1454 442
1464 444
1522 440
1535 438
1535 444
1528 451
1522 412
1509 412
1522 389
1516 398
1533 397
1528 417
1532 411
1535 422
1517 356
1515 346
1504 293
1497 294
1503 284
1512 286
1493 282
1488 277
1475 278
1483 282
1480 289
1430 296
1434 303
1444 305
1448 306
1448 306
1418 246
1383 300
1384 305
1386 309
1376 291
1369 292
1289 322
1280 325
1269 323
1257 323
1244 324
1227 327
1214 327
1200 329
1186 331
1274 318
1286 317
1300 314
1296 318
1282 319
1419 319
1412 322
1404 322
1403 316
1401 311
1400 308
1393 295
1397 289
1415 257
1043 367
1043 362
1042 357
1040 350
1048 351
1050 358
1051 363
1024 364
1017 359
1004 360
995 361
990 365
980 369
963 372
952 374
949 367
937 369
927 373
920 375
1051 346
1056 356
1059 364
1035 363
1035 357
1035 349
1061 684
1071 680
1062 677
1057 680
1057 680
1063 681
1050 677
1055 675
1055 675
1018 700
1017 695
1020 690
1025 696
1026 701
1013 687
1010 680
1016 676
1016 704
1020 705
1020 705
1055 1101
1049 1093
1043 1089
1039 1084
1047 1087
1013 1054
1003 1046
997 1041
1002 1050
1011 1050
1006 1044
1009 1054
1019 1057
1116 943
1108 940
1103 938
1110 944
1023 694
1013 690
689 39
687 37
684 35
680 32
676 28
671 23
666 19
661 15
657 12
653 10
650 6
646 4
651 8
673 25
562 251
556 248
553 245
548 241
544 236
542 235
537 229
531 224
527 220
524 218
523 214
847 922
842 915
848 934
1006 1049
1034 1080
1044 1085
1039 1087
1049 1091
1055 1097
1051 1098
1054 1102
1059 1103
1329 914
1316 915
1274 912
1226 892
1023 703
