1522 1288
1520 1285
1524 1284
1522 1280
1517 1282
1515 1278
1506 1277
1509 1273
1519 1273
1521 1270
1515 1268
1508 1266
1503 1269
1509 1270
1504 1272
1498 1276
1499 1280
1494 1278
1501 1265
1499 1259
1500 1263
1506 1261
1503 1258
1502 1253
1501 1250
1499 1253
1500 1256
1502 1246
1528 1269
1534 1266
1536 1262
1538 1258
1541 1256
1546 1257
1545 1261
1550 1261
1543 1258
1541 1263
1540 1265
1532 1268
1523 1274
1523 1279
1511 1279
1512 1275
1518 1275
1554 1254
1559 1253
1549 1254
1555 1261
1548 1259
1540 1260
1548 1264
1515 1272
1523 1272
1520 1278
1507 1275
1502 1275
1518 1287
1519 1283
1550 1256
