1446 349
1447 352
1447 355
1447 356
1447 356
1447 359
1447 361
1447 365
1448 366
1447 366
1448 369
1448 370
1448 370
1449 372
1449 372
1449 373
1449 373
1449 375
1449 375
1453 378
1453 374
1453 371
1453 367
1453 362
1453 360
1453 359
1453 358
1453 355
1453 353
1451 350
1457 349
1460 350
1461 354
1461 355
1461 357
1461 357
1461 358
1464 361
1464 366
1462 363
1459 361
1459 361
1462 370
1464 372
1464 376
1459 375
1458 373
1458 369
1458 365
1469 370
1471 373
1473 370
1471 365
1471 364
1470 356
1468 357
1468 358
1472 360
1468 362
1464 358
1466 353
1467 348
1464 345
1459 345
1452 365
1470 377
1466 373
1473 373
1470 421
1477 421
1476 423
1476 423
1478 426
1476 430
1471 428
1468 427
1468 427
1467 432
1472 434
1477 434
1482 432
1475 432
1472 431
1472 431
1466 429
1463 434
1468 435
1376 311
1374 309
1376 308
1369 308
1371 310
1371 310
1365 310
1361 309
1363 312
1353 310
1349 312
1340 312
1335 311
1335 309
1345 309
1345 312
1340 308
1334 313
1350 308
1348 310
1356 309
1357 311
1353 312
1483 462
1477 462
1482 461
1479 459
1475 459
1475 459
1473 457
1480 455
1486 457
1481 455
1478 456
1478 456
1484 453
1481 449
1477 450
1473 453
1479 452
1477 454
1374 302
1373 300
1370 300
1370 300
1368 301
1368 301
1370 303
1370 303
1363 302
1361 301
1361 301
1357 301
1357 301
1355 304
1360 303
1355 302
1361 304
1354 308
1331 302
1331 300
1326 301
1327 302
1327 303
1323 305
1320 305
1320 305
1316 303
1316 303
1317 305
1317 305
1320 302
1324 302
1314 307
1343 302
1342 301
1342 300
1343 298
1338 302
1074 731
1074 729
1074 727
1070 725
1064 724
1068 726
1067 730
1061 728
1059 725
1056 724
1056 724
1062 731
1067 718
1067 715
1063 713
1061 715
1063 715
1052 717
1052 714
1046 714
1047 715
1046 717
1041 717
1043 715
1039 712
1036 710
1036 713
1038 715
1048 708
1052 708
1051 705
1046 703
1048 702
1051 702
1051 702
1049 705
1045 705
1042 704
1070 728
1066 729
1070 730
1091 753
1088 751
1088 749
1082 749
1084 754
1081 752
1080 752
1087 754
1084 752
1042 729
1038 726
1037 728
1038 730
1044 731
1104 944
1101 941
1099 943
1113 949
1111 951
1109 949
1114 951
1038 1095
1035 1093
975 1025
969 1021
961 1016
989 1044
993 1050
999 1056
1006 1061
1012 1068
1024 1080
1030 1087
1103 1084
1098 1085
1102 1087
1097 1088
1099 1090
1101 1083
1082 1091
1084 1087
1087 1083
1080 1086
