1504 1227
1505 1225
1504 1221
1505 1219
1509 1219
1508 1222
1509 1225
1513 1225
1513 1221
1501 1226
1500 1224
1501 1220
1501 1218
1510 1249
1511 1252
1512 1254
1512 1257
1516 1258
1519 1261
1522 1264
1523 1259
1522 1255
1519 1251
1516 1251
1517 1255
1514 1249
1511 1246
1509 1248
1509 1252
1489 1285
1489 1282
1486 1284
1483 1285
1480 1285
1482 1287
1560 1272
1560 1271
1556 1272
1552 1273
1551 1270
1556 1270
1514 1254
1582 1280
1586 1278
1591 1278
1594 1277
1597 1278
1581 1282
1514 1260
1500 1222
1513 1238
1511 1236
1508 1232
1505 1232
1513 1252
