1591 1250
1588 1253
1595 1233
1593 1236
1597 1238
1571 1285
1580 1252
1491 1282
1480 1287
1544 1276
1577 1267
1566 1272
1560 1274
1591 1268
1563 1236
1564 1239
1569 1236
1591 1238
1590 1233
1596 1236
1598 1234
1593 1234
1590 1235
1592 1230
1597 1231
1591 1252
1596 1250
1596 1253
1593 1254
1593 1254
1587 1249
1583 1249
1585 1251
1584 1254
1579 1254
1579 1249
1573 1281
1575 1282
1575 1283
1570 1283
1567 1284
1567 1284
1518 1262
1517 1258
1510 1258
1514 1260
1512 1264
1526 1263
1523 1259
1530 1259
1556 1239
1551 1241
1543 1243
1549 1243
1574 1253
1574 1251
1578 1254
1571 1256
1566 1257
1566 1255
1572 1253
1469 1293
1463 1292
1468 1290
1477 1286
1474 1288
1486 1283
1483 1281
1483 1281
1481 1283
1468 1292
1478 1288
1533 1276
1536 1278
1536 1274
1543 1273
1542 1263
1539 1261
1539 1261
1533 1263
1537 1264
1526 1260
1577 1251
1594 1238
1591 1267
1522 1262
1519 1260
1512 1261
1514 1258
1514 1262
1465 1293
1569 1254
1573 1255
1589 1237
1593 1231
1593 1239
1579 1270
1569 1269
1563 1270
1564 1285
