1374 729
1368 728
1361 728
1353 728
1348 728
1363 742
1357 743
1351 743
1345 742
1329 733
1324 733
1317 732
1310 732
1305 732
1299 729
1297 729
1297 729
1301 726
1307 728
1314 728
1319 729
1327 729
1328 724
1318 725
1312 725
1308 717
1300 714
1306 711
1308 714
1317 714
1318 710
1327 709
1334 710
1336 718
1330 713
1327 717
1321 718
1316 717
1333 719
1360 714
1369 714
1375 714
1382 714
1373 699
1383 699
1390 699
1396 699
1380 683
1388 684
1394 683
1401 684
1409 683
1503 630
1499 628
1495 626
1500 623
1505 626
1514 625
1514 631
1523 629
1528 626
1523 616
1529 620
1521 623
1520 619
1513 619
1506 620
1511 622
1510 627
1518 627
1523 626
1529 630
1548 647
1556 648
1562 648
1568 647
1574 647
1585 647
1593 648
1582 833
1573 833
1568 833
1566 830
1570 829
1579 829
1585 829
1585 821
1581 825
1575 823
1569 825
1566 826
1565 821
1574 819
1582 820
1589 833
1578 832
1324 714
1338 714
1537 648
1540 643
1540 643
1542 640
1545 637
1547 635
1548 634
1548 634
1539 597
1548 596
1553 597
1559 597
1566 597
1572 597
1582 596
1589 597
1554 633
1564 632
1572 632
1579 632
1588 633
1595 633
1547 630
1544 625
1542 619
1542 614
1541 609
1539 605
1538 600
1526 620
1517 623
1518 630
1511 630
1505 623
1538 646
1525 632
1533 624
1575 829
1575 825
1557 939
1557 942
1558 946
1558 948
1563 949
1561 958
1564 955
1567 954
1571 950
1577 945
1582 942
1588 937
1588 942
1596 941
1566 958
1572 959
1578 958
1584 958
1591 958
1582 956
1586 953
1532 1017
1534 1021
1534 1026
1535 1029
1535 1034
1535 1039
1540 1038
1548 1037
1543 1120
1543 1114
1542 1109
1542 1102
1543 1095
1540 1090
1541 1081
1549 1080
1540 1076
1539 1070
1538 1063
1538 1057
1537 1050
1537 1044
1537 1044
1538 1054
1538 1047
1538 1060
1538 1066
1539 1073
1529 1072
1526 1072
1525 1067
1525 1061
1531 1060
1527 1082
1526 1076
1528 1093
1528 1087
1519 1082
1509 1082
1544 1124
1552 1124
1558 1124
1539 1126
1535 1129
1530 1131
1528 1028
1519 1028
1509 1028
1520 37
1527 37
1533 37
1542 36
1537 29
1529 31
1526 22
1536 22
1544 23
1552 35
1554 27
1544 27
1530 26
1554 22
1561 34
1548 31
1557 30
1537 33
1532 18
1523 31
1559 24
1241 105
1250 108
1242 110
