1131 1122
1131 1124
1137 1126
1134 1122
1141 1121
1142 1124
1148 1125
1151 1123
1150 1123
1146 1120
1153 1126
1143 1127
1145 1123
1150 1136
1155 1135
1162 1136
1157 1138
1153 1138
1166 1118
1171 1120
1176 1118
1183 1118
1193 1119
1165 1109
1163 1106
1157 1106
1159 1109
1265 1142
1257 1143
1249 1144
1278 1159
1270 1160
1258 1161
1157 1124
1148 1127
1185 1127
1183 1131
1190 1114
1185 1110
1166 1106
1154 1107
1334 104
1328 104
1323 103
1318 103
1318 95
1325 95
1331 95
1250 47
1246 48
1242 50
1238 53
1211 46
1217 43
1220 41
1220 41
1228 37
1231 35
1236 32
1243 32
1244 36
1246 40
1247 43
1232 51
1232 46
1232 42
1232 40
1219 47
1220 50
1221 53
1207 54
1205 50
1217 49
1256 47
1267 47
1276 47
1285 47
1269 53
1259 53
1254 53
1248 53
996 115
998 121
999 124
1000 128
1003 133
1023 177
1010 178
1011 173
1078 131
1078 127
1060 68
1062 73
1064 78
1064 83
1066 87
1076 121
1256 44
1261 42
1263 40
1268 38
1242 29
1247 26
1250 24
1253 22
1259 20
1262 17
1269 14
706 455
712 453
712 456
717 454
721 455
721 455
728 453
730 456
725 455
735 453
1072 698
1073 703
1087 699
1084 703
1078 700
1080 696
1088 703
580 293
574 290
570 288
583 287
586 290
583 296
542 255
532 252
521 249
514 248
504 246
478 241
431 234
441 235
447 236
454 237
461 238
469 239
490 243
449 185
462 187
462 192
473 194
491 218
475 222
459 226
441 232
454 232
460 232
469 233
480 232
491 232
500 233
518 232
508 233
527 232
527 236
527 240
527 244
526 248
484 239
494 240
502 239
512 240
521 239
533 232
541 232
503 180
496 179
482 181
458 180
471 180
497 244
403 777
406 774
423 763
430 758
435 755
395 782
387 787
