1322 710
1326 715
1340 711
1335 728
1313 725
1326 732
1306 712
1300 727
1364 728
1355 728
1380 714
1364 714
1364 743
1351 743
1526 1028
1517 1028
1506 1028
1517 1017
1511 1017
1526 1062
1528 1070
1528 1080
1528 1091
1546 1108
1544 1098
1544 1086
1540 1074
1542 1061
1540 1048
1535 1037
1537 1028
1535 1020
1326 903
1213 24
1213 30
1213 30
1224 35
1226 27
1162 306
1162 312
1160 321
1160 325
1511 1105
1515 1115
1546 1116
1540 1081
1535 1032
1562 956
1568 953
1562 948
1560 940
1568 831
1571 818
1588 833
1577 830
1584 821
1580 825
1546 631
1542 620
1526 621
1513 631
1517 623
1533 627
1504 626
1502 621
1548 597
1566 597
1582 597
1580 645
1566 647
1406 683
1388 683
1517 618
1522 1050
1508 1050
1491 1105
1540 1125
1531 1130
1455 1014
1460 1011
1546 637
1562 632
1542 611
1337 720
1328 727
1213 36
1577 875
1577 880
1528 20
1531 26
1528 33
1544 21
1544 26
1544 26
1544 34
1560 32
1562 24
1560 20
1331 685
1328 698
